1.0003211498260498 -0.00746699096634984 0.0 0.0019217767531895793 0.8
0.8846734762191772 0.7494065761566162 0.0 0.14568743300299725 0.8
0.7705528736114502 0.6929328441619873 0.0 0.10817714490161413 0.8
0.7534743547439575 0.8405932188034058 0.0 0.13916802254467237 0.8
0.32401204109191895 0.6759154200553894 0.0 0.06939303339580055 0.8
0.23606950044631958 0.602691650390625 0.0 0.09152484089659951 0.8
0.33601319789886475 0.5660946369171143 0.0 0.050252887277652265 0.8
0.6353205442428589 0.14947806298732758 0.0 0.009588974736844773 0.8
0.6594924926757812 0.17060944437980652 0.0 0.018635637714172815 0.8
0.8442625999450684 0.09204578399658203 0.0 0.017809600190761707 0.8
0.5747248530387878 -0.05843288078904152 0.0 0.00581869773237445 0.8
0.5789934396743774 -0.07359320670366287 0.0 0.008408047276689926 0.8
0.5642068982124329 -0.06506038457155228 0.0 0.007604280623419225 0.8
0.588878333568573 -0.058195147663354874 0.0 0.006912737888361746 0.8
0.5975099205970764 -0.0716085135936737 0.0 0.010584643774135129 0.8
0.9678274393081665 0.07819706201553345 0.0 0.01704697648617794 0.8
1.058396816253662 0.04686702787876129 0.0 0.004535562588344228 0.8
1.0536612272262573 0.034133199602365494 0.0 0.003358763759499085 0.8
1.044643521308899 0.04315158352255821 0.0 0.004026851699361185 0.8
1.0475999116897583 0.056326139718294144 0.0 0.007043108824087243 0.8
0.8295727372169495 -0.03625147044658661 0.0 0.0037603354640487053 0.8
0.8341096043586731 -0.023095175623893738 0.0 0.003735989933407712 0.8
0.8403223156929016 -0.03503473103046417 0.0 0.0038031108933388414 0.8
0.8248172998428345 -0.02676125057041645 0.0 0.0025972051231829218 0.8
0.8195189237594604 -0.035754747688770294 0.0 0.003745580860877617 0.8
0.5818385481834412 0.08561727404594421 0.0 0.0015094351820618718 0.8
0.5914881229400635 0.0762292742729187 0.0 0.0022450316434933595 0.8
0.5807622075080872 0.07511834055185318 0.0 0.002469508372958721 0.8
0.5968995094299316 0.08679287135601044 0.0 0.0015140645112470931 0.8
0.9317824244499207 -0.030534539371728897 0.0 0.00905339477642154 0.8
-0.024683702737092972 0.07129743695259094 0.0 0.012417129039598622 0.8
-0.014991830103099346 0.06836217641830444 0.0 0.011194358136995219 0.8
0.8723496794700623 0.0384274423122406 0.0 0.004027147393568841 0.8
0.8789837956428528 0.044593989849090576 0.0 0.003033264815849628 0.8
0.8821172118186951 0.03744946047663689 0.0 0.003653339566956441 0.8
0.00016807230713311583 0.06708364933729172 0.0 0.009707421284340935 0.8
0.9092665910720825 -0.01893431879580021 0.0 0.003740515687936041 0.8
0.9089037179946899 -0.013121782802045345 0.0 0.003975967281500851 0.8
0.91593998670578 -0.014728530310094357 0.0 0.0043435518624707825 0.8
0.9161121845245361 -0.02272435650229454 0.0 0.005462470559609977 0.8
0.8635848760604858 0.040032342076301575 0.0 0.0034739366400161915 0.8
0.8688483238220215 0.04604923725128174 0.0 0.0024631724412190878 0.8
0.9116256833076477 0.04438452422618866 0.0 0.0036567000251443126 0.8
0.9180147051811218 0.04129594936966896 0.0 0.0036036825338947266 0.8
0.9110398888587952 0.03827983886003494 0.0 0.0031191869196030768 0.8
0.9177151322364807 0.048936329782009125 0.0 0.004420053560146002 0.8
0.9300504326820374 -0.022348864004015923 0.0 0.005390003179457261 0.8
0.9295009970664978 -0.014501768164336681 0.0 0.004422257477010152 0.8
0.9358304142951965 -0.01835491508245468 0.0 0.003919299706761986 0.8
0.9230118989944458 -0.01894952543079853 0.0 0.003761045947150916 0.8
1.0203299522399902 0.016127485781908035 0.0 0.002026948821922364 0.8
1.0169013738632202 0.019243599846959114 0.0 0.0031417512664183517 0.8
1.0233635902404785 0.021259553730487823 0.0 0.0028671995134368303 0.8
1.0226725339889526 0.02810591459274292 0.0 0.0037272342999727023 0.8
1.0172004699707031 0.025082211941480637 0.0 0.0037292606682501066 0.8
0.996362030506134 0.02681032568216324 0.0 0.0049609064903474625 0.8
1.0077913999557495 -0.018785446882247925 0.0 0.00394666375338328 0.8
1.0125700235366821 -0.021875927224755287 0.0 0.00444062880324271 0.8
1.0120799541473389 -0.014741499908268452 0.0 0.001972996876128265 0.8
1.0179789066314697 -0.018335968255996704 0.0 0.0024585599784223435 0.8
0.9228501319885254 -0.012826962396502495 0.0 0.0040996897561276216 0.8
0.8898710012435913 0.036563336849212646 0.0 0.003639251888363404 0.8
0.8550407886505127 -0.01653902791440487 0.0 0.004212835686338879 0.8
0.863784909248352 -0.01812301017343998 0.0 0.003610647542705255 0.8
0.8709210753440857 -0.02052479051053524 0.0 0.0029191242314325835 0.8
0.9616289734840393 0.058476801961660385 0.0 0.010601844899809644 0.8
0.9703612923622131 0.06362061202526093 0.0 0.011999281637673198 0.8
0.9798673987388611 0.0679817646741867 0.0 0.013924997272339123 0.8
0.8986607789993286 0.05097136273980141 0.0 0.0038915894518760314 0.8
0.8938644528388977 0.058242689818143845 0.0 0.005446087921272643 0.8
0.9046863317489624 0.06127705052495003 0.0 0.00689306871029538 0.8
0.8877801895141602 0.0501415953040123 0.0 0.003731277212605956 0.8
0.8850082755088806 0.06095316261053085 0.0 0.006158282697651939 0.8
0.6237353086471558 -0.050644002854824066 0.0 0.004696472074514394 0.8
0.6115436553955078 -0.05215534195303917 0.0 0.0056979636545229605 0.8
0.6339160203933716 -0.055616457015275955 0.0 0.004664895969604472 0.8
0.522210955619812 -0.07862870395183563 0.0 0.0160800318458288 0.8
0.5841745138168335 0.2751302421092987 0.0 0.009901328991404367 0.8
0.6106035709381104 0.3240567743778229 0.0 0.01528475263672119 0.8
0.6434428691864014 0.29126042127609253 0.0 0.01459896251695063 0.8
0.6536495089530945 0.3401787281036377 0.0 0.022006551184110015 0.8
0.6909942626953125 0.3020067811012268 0.0 0.028795940204893348 0.8
0.29577139019966125 -0.3709196448326111 0.0 0.08708260601672925 0.8
1.5064853429794312 0.2583359479904175 0.0 0.13418026239977685 0.8
0.6961007118225098 0.4866091310977936 0.0 0.04936593265562696 0.8
0.6861160397529602 0.6102965474128723 0.0 0.0751968691382785 0.8
0.7616557478904724 0.5400812029838562 0.0 0.07906015601149707 0.8
0.6016685366630554 0.5427635908126831 0.0 0.04253172698859217 0.8
1.4053285121917725 -0.19625815749168396 0.0 0.08914543624406361 0.8
1.2985966205596924 0.17120932042598724 0.0 0.061916049675453354 0.8
1.3627427816390991 0.1713690608739853 0.0 0.0786647505436489 0.8
0.3503100574016571 0.4040636718273163 0.0 0.05133878916096285 0.8
0.37019503116607666 0.35058096051216125 0.0 0.05251911008914442 0.8
-0.012875780463218689 -0.2212308943271637 0.0 0.05051730573604194 0.8
1.1754177808761597 0.08061526715755463 0.0 0.014427055535976596 0.8
1.1748623847961426 0.049606818705797195 0.0 0.010186214539224124 0.8
1.1474692821502686 0.0674964189529419 0.0 0.009706064358199247 0.8
1.2117292881011963 0.05259261280298233 0.0 0.013566083586767048 0.8
1.089105248451233 -0.07590197026729584 0.0 0.0186164967766829 0.8
0.6021670699119568 -0.06003192067146301 0.0 0.004641524775470999 0.8
0.6007227301597595 -0.051433879882097244 0.0 0.005369586200869595 0.8
0.8727643489837646 -0.05336209386587143 0.0 0.01676333980130212 0.8
-0.05680470913648605 0.08847421407699585 0.0 0.018634863770018533 0.8
0.7760068774223328 0.10233794897794724 0.0 0.013448061385773428 0.8
0.7596933245658875 0.0952177345752716 0.0 0.008633891981202362 0.8
0.6801148653030396 0.06873290240764618 0.0 0.0020690493525065156 0.8
0.6701437830924988 0.06882548332214355 0.0 0.0019497353712163406 0.8
0.6748602986335754 0.08128082007169724 0.0 0.001881139992348533 0.8
0.6896578669548035 0.07693063467741013 0.0 0.001860104506161304 0.8
0.5086309909820557 0.08531899750232697 0.0 0.0045642897897083985 0.8
0.5016806721687317 0.07929836958646774 0.0 0.0041388161121421055 0.8
0.49430322647094727 0.08948062360286713 0.0 0.004721126762038248 0.8
0.9708241820335388 0.053384434431791306 0.0 0.008475589162124415 0.8
0.979958176612854 0.055780719965696335 0.0 0.009938544534114746 0.8
0.8893510699272156 0.07931513339281082 0.0 0.013997788044031968 0.8
0.8734190464019775 0.07883728295564651 0.0 0.011807778203049912 0.8
0.4668305516242981 0.08035288751125336 0.0 0.004784966250890344 0.8
0.47372931241989136 0.08398427814245224 0.0 0.0044958490431971174 0.8
0.8031988143920898 0.08048813045024872 0.0 0.005788154465053208 0.8
0.7924189567565918 0.07252755761146545 0.0 0.003462880572457572 0.8
0.7895123362541199 0.08924677968025208 0.0 0.007737174988198991 0.8
0.8166164755821228 0.08620860427618027 0.0 0.009190459735278222 0.8
0.8119210004806519 0.07339141517877579 0.0 0.0038400388567913744 0.8
0.808432400226593 -0.03421560302376747 0.0 0.0034380794940144397 0.8
0.8129430413246155 -0.04484130069613457 0.0 0.009112898232515359 0.8
1.012547254562378 0.056950829923152924 0.0 0.009668501970608635 0.8
1.0057711601257324 0.049631692469120026 0.0 0.007724378821292209 0.8
1.0304497480392456 0.017838386818766594 0.0 0.0019372952292562888 0.8
1.0312930345535278 0.027676036581397057 0.0 0.0028822812850692256 0.8
1.0386431217193604 0.02033761329948902 0.0 0.0018900229727994652 0.8
1.0355303287506104 -0.010564584285020828 0.0 0.0018379996923669378 0.8
1.0329978466033936 -0.002498480025678873 0.0 0.0013404852927960172 0.8
1.0412287712097168 -0.0014432931784540415 0.0 0.0013835200472059755 0.8
1.0463793277740479 -0.010427710600197315 0.0 0.0019598233261390098 0.8
0.9036297798156738 -0.03334226831793785 0.0 0.008681459623644316 0.8
0.9159168601036072 -0.03282316401600838 0.0 0.009686736350584299 0.8
1.0173231363296509 0.03168847784399986 0.0 0.004029067318085051 0.8
1.0247753858566284 0.03478977456688881 0.0 0.003922896130581759 0.8
1.0183632373809814 0.03863516077399254 0.0 0.004593796409017437 0.8
1.0037128925323486 0.03562725707888603 0.0 0.005145041978502903 0.8
1.0107334852218628 0.03614867106080055 0.0 0.004918082405531285 0.8
1.0048011541366577 0.030931102111935616 0.0 0.0047200768375017825 0.8
1.005657434463501 0.04153985530138016 0.0 0.005750087855396411 0.8
1.006533145904541 -0.01422205101698637 0.0 0.0025351478890922787 0.8
0.897736668586731 0.035857904702425 0.0 0.003515811693197925 0.8
1.0098614692687988 0.00758197670802474 0.0 0.0008023857150283404 0.8
1.0064290761947632 0.007876056246459484 0.0 0.0007830042937714297 0.8
1.0073565244674683 0.011309311725199223 0.0 0.0020246058549083495 0.8
1.0115524530410767 0.0120899872854352 0.0 0.0017296341539962772 0.8
0.9771585464477539 0.025266539305448532 0.0 0.0037795775492148664 0.8
0.9672448635101318 0.02492041513323784 0.0 0.004241613687341264 0.8
0.9976166486740112 -0.016726117581129074 0.0 0.005063806546822945 0.8
0.9977552890777588 -0.012939452193677425 0.0 0.0043644965821061565 0.8
1.0045483112335205 0.02604994736611843 0.0 0.004803061967983251 0.8
1.0007916688919067 0.02785579487681389 0.0 0.005078221670175984 0.8
0.9999963045120239 0.02378910221159458 0.0 0.0048245458390973744 0.8
0.9233587980270386 0.030465364456176758 0.0 0.003419460587130051 0.8
0.9296789765357971 0.03251439332962036 0.0 0.0031206452594596886 0.8
0.9287867546081543 0.027930421754717827 0.0 0.0031570650881396355 0.8
0.9336332082748413 0.02802838385105133 0.0 0.0034066334113265714 0.8
0.9315171241760254 0.02434159442782402 0.0 0.0036086045431242973 0.8
0.9116706252098083 0.032187361270189285 0.0 0.003871154030909409 0.8
0.9175756573677063 0.03489356115460396 0.0 0.003178808037726593 0.8
0.9170823097229004 0.03010641224682331 0.0 0.003989300575779746 0.8
1.0121572017669678 0.0220083836466074 0.0 0.003957730962944869 0.8
1.0246719121932983 0.01543371006846428 0.0 0.001715864505974375 0.8
1.0204988718032837 0.010438492521643639 0.0 0.0011079143394155876 0.8
1.0276563167572021 0.010561459697782993 0.0 0.0012395475857695372 0.8
1.0349297523498535 0.01108890026807785 0.0 0.0013373140252381558 0.8
0.8775169253349304 -0.017434503883123398 0.0 0.003653326176103475 0.8
0.8844813108444214 -0.01522593293339014 0.0 0.003716944551850241 0.8
0.8909623026847839 -0.01644202694296837 0.0 0.0037520269118494817 0.8
0.9232834577560425 -0.026417769491672516 0.0 0.006874541839156907 0.8
0.9090824127197266 -0.025733385235071182 0.0 0.006253161632081328 0.8
0.8571043610572815 -0.02447296865284443 0.0 0.003182985693674318 0.8
0.8494238257408142 -0.02062336355447769 0.0 0.0031539631110410397 0.8
1.0417654514312744 0.031182721257209778 0.0 0.0026624852885442155 0.8
1.0328238010406494 0.039079807698726654 0.0 0.0037069294801558923 0.8
0.4142983853816986 0.08136481791734695 0.0 0.008518172003503719 0.8
0.4234791696071625 0.07901764661073685 0.0 0.006987084220490401 0.8
0.43138813972473145 0.07972981780767441 0.0 0.006450541782470203 0.8
0.8433178067207336 -0.02442937158048153 0.0 0.0028848111833049512 0.8
0.8495675325393677 -0.030015932396054268 0.0 0.0036748300385084846 0.8
0.8587758541107178 -0.034889526665210724 0.0 0.007132428456056602 0.8
0.7972106337547302 0.05379773676395416 0.0 0.0026029763272757784 0.8
0.792747974395752 0.06155843287706375 0.0 0.001942519616253619 0.8
0.8027113676071167 0.06478884071111679 0.0 0.0023473601955215757 0.8
0.7878409028053284 0.05402259901165962 0.0 0.0025979688356219124 0.8
0.7832044959068298 0.06348404288291931 0.0 0.001880333841703065 0.8
0.6049857139587402 0.0756310373544693 0.0 0.0021075921495923118 0.8
0.7535548806190491 -0.032654233276844025 0.0 0.003704688680797043 0.8
0.7480072975158691 -0.04188939929008484 0.0 0.003069225281594351 0.8
0.7457048892974854 -0.033483583480119705 0.0 0.002767047991476054 0.8
0.7380698323249817 -0.035531602799892426 0.0 0.003798082104819166 0.8
0.8836902379989624 0.0705072283744812 0.0 0.00932482596276956 0.8
0.8743441104888916 0.06429336220026016 0.0 0.00554177820851644 0.8
0.8763512969017029 0.05324290320277214 0.0 0.0036677626307499733 0.8
-0.02998444437980652 0.09960266202688217 0.0 0.015739441534259005 0.8
-0.01975373364984989 0.1071368157863617 0.0 0.016375675136192827 0.8
-0.0156412310898304 0.09568904340267181 0.0 0.01489239006445562 0.8
-0.004441088531166315 0.10549281537532806 0.0 0.016520926167129392 0.8
-0.0031220861710608006 0.0918751060962677 0.0 0.013717033190894337 0.8
0.5619841814041138 -0.08056548237800598 0.0 0.014364338426204565 0.8
0.735803484916687 -0.05031036585569382 0.0 0.005720876163128697 0.8
0.7516831755638123 -0.05544338747859001 0.0 0.010419290397386352 0.8
0.7640149593353271 -0.044411178678274155 0.0 0.005632437186993754 0.8
0.7618554830551147 -0.05819004774093628 0.0 0.012769569497349103 0.8
0.5519968271255493 0.09193583577871323 0.0 0.001655328475755325 0.8
0.5527399778366089 0.11274563521146774 0.0 0.002969435517074409 0.8
0.5643181204795837 0.10227353125810623 0.0 0.0020206129381521404 0.8
0.57467120885849 0.11783365160226822 0.0 0.0023776048290770247 0.8
0.5772767066955566 0.10048738867044449 0.0 0.002085652763158271 0.8
0.7914896011352539 -0.06137998029589653 0.0 0.01849972804056112 0.8
0.7732321619987488 -0.05987166613340378 0.0 0.015015136848766696 0.8
0.5771740674972534 0.1360618770122528 0.0 0.0026393288695155765 0.8
0.596235454082489 0.13105536997318268 0.0 0.0023209900389368314 0.8
0.6133384704589844 0.1522349715232849 0.0 0.0034734058342746157 0.8
0.6189748644828796 0.13141168653964996 0.0 0.0050306708546471145 0.8
0.7928150296211243 0.11006095260381699 0.0 0.019062898501476983 0.8
0.7009667754173279 0.10149431228637695 0.0 0.010298197086876468 0.8
0.5656211376190186 0.14820978045463562 0.0 0.0032192670589437085 0.8
0.573442816734314 0.1762845367193222 0.0 0.0038180287385043235 0.8
0.5890835523605347 0.15353627502918243 0.0 0.003138591749600498 0.8
0.6045917272567749 0.1765109747648239 0.0 0.0038676733459525937 0.8
1.0913125276565552 0.09013170748949051 0.0 0.018216236726473774 0.8
0.6368120312690735 0.23776870965957642 0.0 0.00944433490398832 0.8
0.6814743280410767 0.20985180139541626 0.0 0.024810162988834383 0.8
0.6481446623802185 0.20261125266551971 0.0 0.010520230847292946 0.8
0.6300720572471619 0.17532038688659668 0.0 0.007511581446036782 0.8
0.48125338554382324 0.23890741169452667 0.0 0.024101370423640668 0.8
1.4493073225021362 0.15999436378479004 0.0 0.08653018025147553 0.8
1.3983287811279297 0.08902360498905182 0.0 0.05333223730134872 0.8
1.488052248954773 0.05302352458238602 0.0 0.0648440417659127 0.8
1.4173399209976196 0.02112467773258686 0.0 0.03824278603195593 0.8
0.37741565704345703 -0.37444454431533813 0.0 0.09128501463589786 0.8
0.2653830349445343 0.4968949854373932 0.0 0.07231859594772957 0.8
0.17849688231945038 0.49355778098106384 0.0 0.09347719861156735 0.8
0.138912171125412 0.5883461236953735 0.0 0.10781160379079932 0.8
0.4140892028808594 0.6245869398117065 0.0 0.05010172370315512 0.8
0.43012726306915283 0.5160269141197205 0.0 0.03220853920787056 0.8
0.34639808535575867 0.4804520905017853 0.0 0.04847108690848717 0.8
0.10393983125686646 1.0942052602767944 0.0 0.1758720056032204 0.8
0.26828524470329285 1.1133434772491455 0.0 0.1433201195560125 0.8
0.20755602419376373 0.9522542953491211 0.0 0.11346517710791003 0.8
0.3499216139316559 1.2790753841400146 0.0 0.18652429392947953 0.8
0.4325689673423767 1.112275242805481 0.0 0.13326721198129793 0.8
0.5571300983428955 1.2588255405426025 0.0 0.2034664844240655 0.8
0.1638924777507782 1.2821080684661865 0.0 0.21836763460182745 0.8
0.35600003600120544 0.9661300778388977 0.0 0.09527736592055101 0.8
0.5050057768821716 0.9735403656959534 0.0 0.11599017448644472 0.8
0.565867006778717 1.0891146659851074 0.0 0.15476383988378792 0.8
0.7862887382507324 0.46102526783943176 0.0 0.08073787999962855 0.8
-0.025221774354577065 0.08594079315662384 0.0 0.014319446054278998 0.8
-0.012066541239619255 0.08434758335351944 0.0 0.013063904691248322 0.8
1.0105520486831665 0.028030894696712494 0.0 0.004123244894818937 0.8
0.9958549737930298 0.022394152358174324 0.0 0.004437092770603156 0.8
1.0046331882476807 0.009527300484478474 0.0 0.0012503213536043968 0.8
1.0020806789398193 0.009738928638398647 0.0 0.0015898154941452424 0.8
1.0007015466690063 -0.01053671259433031 0.0 0.00261514135340065 0.8
1.0025110244750977 -0.00791381485760212 0.0 0.0014152105742171372 0.8
1.0024703741073608 -0.004419937264174223 0.0 0.001135287913237012 0.8
1.0053569078445435 -0.006738512776792049 0.0 0.0010713119362857045 0.8
0.9854010343551636 0.032218191772699356 0.0 0.00533465500113869 0.8
1.001712441444397 -0.014420212246477604 0.0 0.0037938836769911407 0.8
1.001075267791748 -0.01885904185473919 0.0 0.0053298657242130225 0.8
0.9722490310668945 0.039907172322273254 0.0 0.005200688959933884 0.8
0.9762933850288391 0.03490619733929634 0.0 0.004650972288035004 0.8
0.9724091291427612 0.033024586737155914 0.0 0.004434473355861917 0.8
0.9767360091209412 0.02960662916302681 0.0 0.004571223158567583 0.8
0.9723729491233826 0.028771841898560524 0.0 0.004459648421453446 0.8
0.9832960367202759 0.036715079098939896 0.0 0.005638105450704263 0.8
0.987627387046814 0.03781624510884285 0.0 0.006262137245335386 0.8
1.014553189277649 0.008684715256094933 0.0 0.0009136037026287056 0.8
1.0170049667358398 0.003752713790163398 0.0 0.0007916157435873673 0.8
1.01261305809021 0.0049117449671030045 0.0 0.0007025338361050054 0.8
1.011914610862732 0.000947536900639534 0.0 0.0007113452875766375 0.8
-0.018035007640719414 0.05054529383778572 0.0 0.008265647216586248 0.8
0.9789705276489258 0.03885708004236221 0.0 0.005722608016098439 0.8
0.9804118275642395 0.03353755921125412 0.0 0.00514036455604205 0.8
0.9835731387138367 0.04201244190335274 0.0 0.006377377218882574 0.8
1.0074920654296875 0.022943541407585144 0.0 0.004386354881808414 0.8
1.0123761892318726 0.016878340393304825 0.0 0.0034053879649615214 0.8
1.0159810781478882 0.014105621725320816 0.0 0.0017436536991995812 0.8
0.9585611820220947 0.03288419917225838 0.0 0.004166973445190265 0.8
0.9604418277740479 0.03835725411772728 0.0 0.005228840917322874 0.8
0.9641575217247009 0.03431114926934242 0.0 0.005004022707244152 0.8
0.9655721187591553 0.03943660855293274 0.0 0.005722856690293539 0.8
0.9685614705085754 0.03524666652083397 0.0 0.0047151155793225255 0.8
1.01361882686615 -0.008088937029242516 0.0 0.0010652511697383494 0.8
1.0151511430740356 -0.0024376437067985535 0.0 0.0009327781467270504 0.8
1.0189608335494995 -0.006050889380276203 0.0 0.0011837683566359354 0.8
1.0095767974853516 -0.004223223309963942 0.0 0.0008781113068056457 0.8
-0.025958256796002388 0.05004434287548065 0.0 0.00877991872657014 0.8
0.9956820607185364 0.043330371379852295 0.0 0.006705827639348193 0.8
0.9989036321640015 0.03869318962097168 0.0 0.006081903471291789 0.8
0.9593191742897034 -0.017617741599678993 0.0 0.005623639300172223 0.8
1.0176888704299927 -0.012116435915231705 0.0 0.0015598443063072895 0.8
1.0233900547027588 -0.009723548777401447 0.0 0.001572395360155415 0.8
1.0219390392303467 -0.015303410589694977 0.0 0.0020393142805249288 0.8
0.9898195266723633 0.044502414762973785 0.0 0.007464385314437848 0.8
1.0199886560440063 -0.0006851773941889405 0.0 0.0009166387613370394 0.8
1.0253750085830688 -0.002759202616289258 0.0 0.0012904563119501193 0.8
0.9705514907836914 0.04676058515906334 0.0 0.006881732925630644 0.8
0.9778462052345276 0.0463130883872509 0.0 0.006754465150077433 0.8
0.9515776634216309 -0.027448538690805435 0.0 0.008515129349876987 0.8
0.9601129293441772 0.04449931159615517 0.0 0.0061119310724325965 0.8
0.9466935992240906 -0.016976667568087578 0.0 0.004624319415739379 0.8
0.9527574181556702 -0.019476406276226044 0.0 0.005693720676052729 0.8
0.9356035590171814 -0.012555859982967377 0.0 0.0034330198603364265 0.8
0.9367969036102295 -0.025614174082875252 0.0 0.006811997056900754 0.8
1.0246044397354126 -0.020184854045510292 0.0 0.0028765755008090654 0.8
1.0277462005615234 -0.01393649447709322 0.0 0.002052161155465798 0.8
1.0321773290634155 -0.01958088018000126 0.0 0.002765556777721008 0.8
1.0288890600204468 -0.007971775718033314 0.0 0.001715750796358625 0.8
0.8973941802978516 -0.01751999370753765 0.0 0.003165514429712232 0.8
0.8939691185951233 -0.025722561404109 0.0 0.004309839674029003 0.8
0.8846096992492676 -0.022518904879689217 0.0 0.003204600842923825 0.8
1.000457763671875 0.04484754055738449 0.0 0.006856928662929933 0.8
0.9838791489601135 0.04787074774503708 0.0 0.007782878252135635 0.8
0.9881293773651123 0.051411811262369156 0.0 0.009078113369427383 0.8
0.8755081295967102 -0.028105217963457108 0.0 0.004218900053612213 0.8
0.9345170259475708 0.04631724953651428 0.0 0.004230083049025577 0.8
0.9401383399963379 0.04570242017507553 0.0 0.004617148181340395 0.8
0.939100980758667 0.039544735103845596 0.0 0.0037277719742032206 0.8
0.9463526010513306 0.03637992590665817 0.0 0.003414124993275459 0.8
0.9415932893753052 0.03246357664465904 0.0 0.0032856773843737822 0.8
0.926315188407898 0.04450690746307373 0.0 0.0037969969568121343 0.8
1.0234510898590088 0.004069134593009949 0.0 0.0009033398274782414 0.8
1.0303173065185547 0.004027803428471088 0.0 0.0011593307127229732 0.8
1.0145001411437988 0.04593652859330177 0.0 0.0060960076149700225 0.8
-0.007973592728376389 0.07394333928823471 0.0 0.011212050485014589 0.8
1.0370551347732544 0.004116585478186607 0.0 0.0011840518494248902 0.8
0.9963060617446899 0.051331304013729095 0.0 0.008821739934560972 0.8
0.9536677002906799 0.03977753221988678 0.0 0.004327494405400093 0.8
0.9455373287200928 0.043864693492650986 0.0 0.004404037893486588 0.8
1.019167184829712 -0.02630556933581829 0.0 0.0057397331197699105 0.8
1.0286179780960083 -0.027646806091070175 0.0 0.005107571340829196 0.8
0.9035701751708984 0.0424259752035141 0.0 0.0030460806149132168 0.8
0.9646835923194885 0.0497724786400795 0.0 0.008087253503925083 0.8
0.9579352736473083 0.05145376920700073 0.0 0.007585913337415695 0.8
0.9515689015388489 0.04820989817380905 0.0 0.005782982629149169 0.8
0.9516326785087585 0.05663345381617546 0.0 0.00836695424729409 0.8
0.9275970458984375 0.05607347935438156 0.0 0.0063489692477949194 0.8
0.9413980841636658 0.05308299884200096 0.0 0.005849811573015407 0.8
0.36934906244277954 0.0798456147313118 0.0 0.012937084787744217 0.8
1.0402897596359253 -0.017970280721783638 0.0 0.0024747082992210715 0.8
0.9025021195411682 -0.022313613444566727 0.0 0.004091853795368857 0.8
0.43862321972846985 0.08509562164545059 0.0 0.007451220795101037 0.8
0.9979785680770874 0.06256373971700668 0.0 0.012490534839207647 0.8
0.6637692451477051 0.0723501518368721 0.0 0.001450193402001241 0.8
0.8938818573951721 0.04293760657310486 0.0 0.002926789980276535 0.8
0.7756906151771545 -0.027428586035966873 0.0 0.0037701633754566406 0.8
0.78422611951828 -0.02504289150238037 0.0 0.0035988005965364063 0.8
0.7927188277244568 -0.026299389079213142 0.0 0.0036538495952630427 0.8
0.744990885257721 0.07016248255968094 0.0 0.0017112011113265368 0.8
0.7391251921653748 0.06016198918223381 0.0 0.0022649889885255478 0.8
0.7331702709197998 0.06561573594808578 0.0 0.001769179235519771 0.8
0.748370885848999 0.05908038094639778 0.0 0.002469110744721154 0.8
0.9446520805358887 0.06267768144607544 0.0 0.010390754713754476 0.8
0.9532060027122498 0.06616538017988205 0.0 0.012946850696380822 0.8
1.0232267379760742 0.05536729097366333 0.0 0.007799025023545427 0.8
1.0245963335037231 0.0444023534655571 0.0 0.005007268090917829 0.8
0.9081816673278809 0.05080327019095421 0.0 0.004500824126841261 0.8
0.915203869342804 0.05658913403749466 0.0 0.0060886261830845325 0.8
0.5195996761322021 0.09435670077800751 0.0 0.005038922606471564 0.8
0.5293254852294922 0.08295788615942001 0.0 0.0036918809044541824 0.8
0.5188668966293335 0.08075651526451111 0.0 0.0034484136534347833 0.8
1.0595922470092773 0.025006862357258797 0.0 0.0024920243501020726 0.8
1.048980951309204 0.022505588829517365 0.0 0.0021564558798068804 0.8
1.0566009283065796 0.013369898311793804 0.0 0.0017086767989968408 0.8
0.8524233102798462 0.050487957894802094 0.0 0.0020759756397390676 0.8
0.8543290495872498 0.05920137092471123 0.0 0.003179775388518546 0.8
0.8636271953582764 0.05524549260735512 0.0 0.003185434657833675 0.8
0.843485414981842 0.0553283616900444 0.0 0.0025059818375385767 0.8
0.8491320610046387 0.06758333742618561 0.0 0.004619626807647677 0.8
1.0380481481552124 -0.02657259814441204 0.0 0.0037333536425068134 0.8
1.0519567728042603 0.0008675660938024521 0.0 0.001484725721178195 0.8
1.0329757928848267 -0.036583174020051956 0.0 0.008194153079598674 0.8
0.9366188049316406 0.06283330172300339 0.0 0.00850173512127557 0.8
1.044319987297058 0.009947866201400757 0.0 0.0013214467384948714 0.8
0.009397823363542557 0.09797155112028122 0.0 0.014536797356857081 0.8
0.8150179982185364 0.06135832145810127 0.0 0.0018947358832884858 0.8
0.8686879277229309 -0.037897855043411255 0.0 0.008546978748571982 0.8
0.8778682947158813 -0.03919209539890289 0.0 0.009336826225915687 0.8
0.8853890895843506 -0.03252111375331879 0.0 0.006707334206458606 0.8
0.8233740329742432 -0.04814703390002251 0.0 0.01041977886745506 0.8
0.5280953049659729 -0.06442870944738388 0.0 0.011167739329613936 0.8
0.5424186587333679 -0.061162300407886505 0.0 0.009504109154736765 0.8
0.5543494820594788 -0.05898450314998627 0.0 0.007503967258487527 0.8
0.8263586759567261 0.0635485127568245 0.0 0.002634368691926937 0.8
0.822060227394104 0.07411319017410278 0.0 0.005182111685158711 0.8
0.8316444158554077 0.07367163151502609 0.0 0.0054670099100290435 0.8
0.49708881974220276 -0.06798820197582245 0.0 0.014507702910385733 0.8
0.48411059379577637 -0.06699443608522415 0.0 0.014655534724606768 0.8
0.4725882112979889 -0.07024501264095306 0.0 0.01723027525321181 0.8
1.0702863931655884 0.01871527172625065 0.0 0.0024794009474295785 0.8
1.0652190446853638 0.003155158367007971 0.0 0.001928064379886829 0.8
0.8489866256713867 -0.04522249475121498 0.0 0.01048840713201802 0.8
0.7265083193778992 0.08635496348142624 0.0 0.004704742189973241 0.8
0.7430053949356079 0.0865069180727005 0.0 0.005467699022881627 0.8
0.7343993186950684 0.0760427787899971 0.0 0.0021496662242551368 0.8
1.0193328857421875 0.06729663163423538 0.0 0.013410069149748923 0.8
1.0347321033477783 0.0667499378323555 0.0 0.012470514731254805 0.8
0.9175160527229309 0.06635238975286484 0.0 0.008872923275263667 0.8
0.9058880805969238 0.07689004391431808 0.0 0.01386292958511903 0.8
0.8615798354148865 0.06748347729444504 0.0 0.005195878323432986 0.8
0.8561605215072632 0.08059500902891159 0.0 0.009401634170108508 0.8
0.8418166041374207 0.07770022749900818 0.0 0.007976883532210604 0.8
1.0501689910888672 -0.023721808567643166 0.0 0.0032596655898154687 0.8
0.8870694041252136 -0.0460033118724823 0.0 0.013087918327502557 0.8
0.018385889008641243 0.11841943860054016 0.0 0.019233498505523215 0.8
0.9290149211883545 0.06766138970851898 0.0 0.010874898586537377 0.8
1.0595331192016602 -0.011007699184119701 0.0 0.0023432311246183364 0.8
1.0476068258285522 -0.05217988044023514 0.0 0.012787918500385293 0.8
1.0437604188919067 -0.036812856793403625 0.0 0.006425063687001788 0.8
1.0664877891540527 -0.025571202859282494 0.0 0.003665776291782093 0.8
1.07698655128479 -0.010348198935389519 0.0 0.0031595134299591578 0.8
0.4786466956138611 0.09345688670873642 0.0 0.007878697573829911 0.8
0.4837464988231659 0.08199015259742737 0.0 0.004996961318778641 0.8
0.4641638994216919 0.0909937173128128 0.0 0.007262263200583768 0.8
0.8352941870689392 -0.048715874552726746 0.0 0.010025593777278154 0.8
0.7134657502174377 0.07648824155330658 0.0 0.0019978270969309223 0.8
0.7009248733520508 0.08423811197280884 0.0 0.0037580168471456313 0.8
0.7133566737174988 0.09082819521427155 0.0 0.0056244653183426824 0.8
0.7010061740875244 0.07211846858263016 0.0 0.0014188614956335609 0.8
0.8937481045722961 0.06786421686410904 0.0 0.008619077219648606 0.8
0.6799100637435913 0.0985465943813324 0.0 0.008587801591766272 0.8
0.6633557081222534 0.09348583221435547 0.0 0.005172534384767713 0.8
0.658334493637085 0.0800376906991005 0.0 0.0013050093789311597 0.8
-0.013587383553385735 0.11751537024974823 0.0 0.018606017922015633 0.8
0.77056485414505 0.06938640028238297 0.0 0.002106048105322067 0.8
0.782221257686615 0.0759120061993599 0.0 0.0037003549754798383 0.8
0.7727857232093811 0.08527472615242004 0.0 0.005480798479853699 0.8
1.0607080459594727 0.05963980033993721 0.0 0.0074924472194917045 0.8
1.0534675121307373 0.07068104296922684 0.0 0.013669833023659391 0.8
1.033651351928711 0.05086745321750641 0.0 0.005608026137509519 0.8
0.6572412848472595 -0.04691535606980324 0.0 0.004542384886641828 0.8
0.6649212837219238 -0.05937345325946808 0.0 0.006033206234393986 0.8
0.6490955352783203 -0.06001034751534462 0.0 0.004612918964800422 0.8
0.6583214998245239 -0.07915186882019043 0.0 0.017818681197074637 0.8
0.6356167793273926 -0.07194250077009201 0.0 0.010497296584660525 0.8
1.0723906755447388 -0.042349398136138916 0.0 0.0068483134754403156 0.8
1.0570769309997559 -0.038359567523002625 0.0 0.005939987273071893 0.8
0.8062832951545715 0.09830164909362793 0.0 0.014341818186583465 0.8
1.0728764533996582 0.05369781330227852 0.0 0.005367273101248084 0.8
1.0685880184173584 0.03608541190624237 0.0 0.003621534838635203 0.8
0.8006453514099121 -0.04700112342834473 0.0 0.010115442675760738 0.8
0.783200204372406 -0.045095257461071014 0.0 0.0079023117648565 0.8
0.7950371503829956 -0.03574703261256218 0.0 0.0038721634029348756 0.8
-0.04004151001572609 0.08886660635471344 0.0 0.016253738018179455 0.8
-0.046123720705509186 0.10297472029924393 0.0 0.017031501899545675 0.8
0.7249176502227783 0.10556533932685852 0.0 0.014783636810826952 0.8
0.7249715924263 0.07217606157064438 0.0 0.0013821482529803783 0.8
0.6086896061897278 0.11473949998617172 0.0 0.0033279320693480486 0.8
0.6273477077484131 0.11545831710100174 0.0 0.007847629914281716 0.8
0.6186274290084839 0.1008497104048729 0.0 0.003979920821231123 0.8
0.6276093125343323 0.08633628487586975 0.0 0.0016439097353848355 0.8
0.6110934615135193 0.0873706191778183 0.0 0.0016689676998371664 0.8
0.8630914688110352 0.09399000555276871 0.0 0.019427953335974205 0.8
0.8374208211898804 0.06519157439470291 0.0 0.003682862407815919 0.8
0.6892075538635254 0.08900142461061478 0.0 0.004256683421818659 0.8
1.0616766214370728 -0.05170615762472153 0.0 0.01175516989737855 0.8
0.9133161306381226 0.09434140473604202 0.0 0.02083807363580042 0.8
0.9232648015022278 0.07879795879125595 0.0 0.015356166349457152 0.8
1.0810171365737915 0.02962515316903591 0.0 0.0032710946220771207 0.8
1.0868721008300781 0.016713837161660194 0.0 0.002787030773503401 0.8
0.518077552318573 0.1269044131040573 0.0 0.014801660001159792 0.8
0.5438097715377808 0.13435916602611542 0.0 0.0046530440127899655 0.8
0.5350251197814941 0.1159149780869484 0.0 0.00658088407085829 0.8
0.6167162656784058 -0.06590893864631653 0.0 0.006968306759668162 0.8
-0.07581216096878052 0.11243528872728348 0.0 0.02514922737962893 0.8
1.0427764654159546 0.08438621461391449 0.0 0.021191918570445452 0.8
0.05467485636472702 0.13414962589740753 0.0 0.023788839081325442 0.8
1.0775091648101807 0.00614232337102294 0.0 0.0022055880965682222 0.8
0.7446815967559814 0.10288289934396744 0.0 0.013707689299625405 0.8
-0.032543811947107315 0.11598658561706543 0.0 0.01890985471062996 0.8
1.0964688062667847 0.03063812479376793 0.0 0.003969267250299675 0.8
1.0857205390930176 0.04305895417928696 0.0 0.0046341243255278485 0.8
0.6788436770439148 -0.05607869476079941 0.0 0.0053195700720727514 0.8
0.6920797228813171 -0.053059909492731094 0.0 0.0035813914657401324 0.8
0.7019439339637756 -0.06279775500297546 0.0 0.007830877127848726 0.8
0.6865991353988647 -0.06769304722547531 0.0 0.012518098931076702 0.8
1.0922307968139648 -0.050559405237436295 0.0 0.008249586620516525 0.8
1.0837774276733398 -0.02953255921602249 0.0 0.004886063037733327 0.8
1.0955125093460083 -0.017306841909885406 0.0 0.00418883140851112 0.8
0.591221272945404 0.11024288833141327 0.0 0.002188486893694972 0.8
0.6025418043136597 0.09959760308265686 0.0 0.0024311663932630088 0.8
0.589449405670166 0.09631141275167465 0.0 0.002141582501499946 0.8
0.5665611624717712 0.08954129368066788 0.0 0.001648330084840305 0.8
0.03508463874459267 0.12678393721580505 0.0 0.02086900366122009 0.8
0.7424691319465637 -0.0657132938504219 0.0 0.016296000899180037 0.8
1.0722970962524414 0.07102029770612717 0.0 0.010763005456581974 0.8
0.651417076587677 0.10175932943820953 0.0 0.00930525412603483 0.8
0.6484853625297546 0.11783581227064133 0.0 0.019043586284573377 0.8
0.6455960869789124 0.088177390396595 0.0 0.0023860704134095827 0.8
0.6365138292312622 0.1017361432313919 0.0 0.006938355566773538 0.8
0.7160515785217285 -0.07441294938325882 0.0 0.017434089955182905 0.8
1.0930753946304321 0.06290111690759659 0.0 0.007556599846266838 0.8
1.1166740655899048 0.03197349235415459 0.0 0.0046984970232511105 0.8
1.1046923398971558 0.014147975482046604 0.0 0.003143487025734447 0.8
0.7295441627502441 -0.06542079150676727 0.0 0.013171479133327144 0.8
1.1103163957595825 -0.006140608340501785 0.0 0.0038609880176888782 0.8
1.111015796661377 -0.023834126070141792 0.0 0.005317486095272087 0.8
1.1325763463974 -0.01812618225812912 0.0 0.005386037447687731 0.8
1.1184877157211304 -0.04307935759425163 0.0 0.007440237712078508 0.8
1.0998032093048096 -0.03290155157446861 0.0 0.0060722257080043735 0.8
1.113049864768982 -0.06961239129304886 0.0 0.014976183853577081 0.8
1.0733283758163452 -0.0614219568669796 0.0 0.014364135871916468 0.8
0.5628032088279724 0.12984202802181244 0.0 0.002587394453957453 0.8
0.011712980456650257 0.15776310861110687 0.0 0.02831512698340639 0.8
1.0912591218948364 0.0010141716338694096 0.0 0.002966421327853707 0.8
-0.05566117912530899 0.12099044770002365 0.0 0.023074442467113397 0.8
1.1022975444793701 0.045406095683574677 0.0 0.005294816993764153 0.8
1.1064209938049316 0.07386966049671173 0.0 0.009732741664210849 0.8
1.1211601495742798 0.08366820961236954 0.0 0.01423447518829362 0.8
1.119709849357605 0.05764143168926239 0.0 0.007473474757729073 0.8
1.1273993253707886 0.009371078573167324 0.0 0.0038553112669992874 0.8
1.1474778652191162 0.033119115978479385 0.0 0.0062811484476430705 0.8
1.1526589393615723 0.0012526789214462042 0.0 0.005354713414035872 0.8
1.138814091682434 -0.06247365102171898 0.0 0.01306567166490448 0.8
0.5179675221443176 0.18204693496227264 0.0 0.012087203497250096 0.8
0.5256157517433167 0.1517145335674286 0.0 0.009005378218451878 0.8
-0.0027883746661245823 0.1794188767671585 0.0 0.033520873587993744 0.8
0.5461424589157104 0.16276925802230835 0.0 0.004563326863320063 0.8
0.5490270256996155 0.18798288702964783 0.0 0.004786576156938576 0.8
0.03616125136613846 0.20431484282016754 0.0 0.039187534074122087 0.8
0.004795386455953121 0.22235985100269318 0.0 0.04169621076232257 0.8
1.143880009651184 -0.04140658304095268 0.0 0.008291660331301794 0.8
1.1569238901138306 -0.08068664371967316 0.0 0.020309301040571784 0.8
1.1331626176834106 -0.08866710960865021 0.0 0.024318617906794845 0.8
1.1457611322402954 0.09919149428606033 0.0 0.02096492501419071 0.8
0.030143316835165024 -0.20931480824947357 0.0 0.04608452462794655 0.8
1.162876844406128 -0.02357824146747589 0.0 0.007355309368381777 0.8
0.619763195514679 0.20493939518928528 0.0 0.005734884953706311 0.8
0.5375135540962219 0.21369032561779022 0.0 0.007104697518670279 0.8
0.508890688419342 0.21851105988025665 0.0 0.012025142872729181 0.8
1.1883307695388794 0.0075700413435697556 0.0 0.00819310946035023 0.8
1.1931326389312744 -0.03179401531815529 0.0 0.01067259236882205 0.8
1.1701419353485107 -0.05597412958741188 0.0 0.012443249021183966 0.8
1.1857634782791138 -0.08901786804199219 0.0 0.025190353588152796 0.8
-0.0037004288751631975 0.3087600767612457 0.0 0.05650229030794628 0.8
0.033302076160907745 0.2743449807167053 0.0 0.05410600515773323 0.8
-0.034710194915533066 0.23301784694194794 0.0 0.044583520248730614 0.8
-0.07586761564016342 0.22150233387947083 0.0 0.04773219946456036 0.8
1.2027605772018433 0.10087676346302032 0.0 0.024199742877092364 0.8
1.1698120832443237 0.11093828082084656 0.0 0.02528302398120805 0.8
0.5675073266029358 0.20673535764217377 0.0 0.00496927931256322 0.8
0.5589426159858704 0.23649956285953522 0.0 0.006722297522719659 0.8
0.6829505562782288 0.2563628554344177 0.0 0.020772624889830813 0.8
0.18567438423633575 0.30758732557296753 0.0 0.06326614915190262 0.8
1.2268624305725098 -0.02312595397233963 0.0 0.013133470475142593 0.8
1.26764714717865 -0.006283077411353588 0.0 0.01528567579555618 0.8
1.2304933071136475 0.013029278255999088 0.0 0.012037372918859273 0.8
1.2687227725982666 -0.060491688549518585 0.0 0.02152175968928664 0.8
1.2128477096557617 -0.06078626587986946 0.0 0.016433443968853625 0.8
1.1875135898590088 0.13915222883224487 0.0 0.039352669459381685 0.8
1.2474472522735596 0.08685527741909027 0.0 0.021836882038784977 0.8
1.2319729328155518 0.13170143961906433 0.0 0.03636246487675956 0.8
-0.06981508433818817 0.25927862524986267 0.0 0.05225532051961499 0.8
0.48055094480514526 0.27821752429008484 0.0 0.020367059332717725 0.8
0.5219296813011169 0.25728583335876465 0.0 0.01149192496424867 0.8
1.2307556867599487 -0.10282740741968155 0.0 0.03147080589206868 0.8
0.609734833240509 0.37565526366233826 0.0 0.02156987639030872 0.8
0.49542784690856934 0.36510705947875977 0.0 0.01919203563846234 0.8
0.5075992941856384 0.3089212477207184 0.0 0.015990160650107457 0.8
0.45978668332099915 0.3202786147594452 0.0 0.027167538620149857 0.8
0.2454477846622467 0.3372664451599121 0.0 0.07409433963294364 0.8
1.2581828832626343 0.03877265751361847 0.0 0.017479571850546178 0.8
1.2935407161712646 0.06937142461538315 0.0 0.026250379674195804 0.8
1.2980152368545532 0.02294888347387314 0.0 0.019007612197573992 0.8
-0.004590573254972696 0.37504708766937256 0.0 0.06475910014053594 0.8
0.05492062866687775 0.40019315481185913 0.0 0.0766827239532859 0.8
-0.0518304705619812 0.34803062677383423 0.0 0.060566718042723774 0.8
1.3174099922180176 -0.022211359813809395 0.0 0.02283751989880115 0.8
0.5401496887207031 0.29414212703704834 0.0 0.012794754171224464 0.8
0.5560430288314819 0.33489790558815 0.0 0.016446689727538003 0.8
0.7053077220916748 0.34932100772857666 0.0 0.03940208830857357 0.8
1.3489861488342285 0.036662302911281586 0.0 0.032683982861619026 0.8
1.2772184610366821 0.12150415778160095 0.0 0.03926532484883161 0.8
1.2846159934997559 -0.12216981500387192 0.0 0.039890478412662356 0.8
1.3404247760772705 -0.153600811958313 0.0 0.05614332582489463 0.8
0.6120997667312622 0.44931402802467346 0.0 0.028243453382160753 0.8
0.6708373427391052 0.40122947096824646 0.0 0.03178173272684172 0.8
0.4055651128292084 0.44212111830711365 0.0 0.03036710687919508 0.8
0.4063749611377716 0.3149624168872833 0.0 0.04791431830342264 0.8
0.42476093769073486 0.377163290977478 0.0 0.03199457645282163 0.8
0.4718593955039978 0.43272119760513306 0.0 0.021900252044331894 0.8
0.11000701785087585 0.44513580203056335 0.0 0.08736241537706622 0.8
0.7392199039459229 0.4015739858150482 0.0 0.05427493753613395 0.8
1.3816344738006592 -0.03469777852296829 0.0 0.03646814370594805 0.8
-0.05717192590236664 0.40626803040504456 0.0 0.07199933112960734 0.8
-0.0019402661127969623 0.43789905309677124 0.0 0.0797320735393587 0.8
0.5465923547744751 0.4077003002166748 0.0 0.019977716306030843 0.8
1.332851767539978 -0.08343033492565155 0.0 0.03283163374730139 0.8
-0.06230652332305908 0.4764522612094879 0.0 0.08955274617440614 0.8
0.011522292159497738 0.505790114402771 0.0 0.09541826072540345 0.8
-0.14223140478134155 0.5140529274940491 0.0 0.10768365125312222 0.8
-0.11467702686786652 0.43159323930740356 0.0 0.08383587086901631 0.8
1.3313944339752197 0.10948525369167328 0.0 0.04325044933130488 0.8
1.403079867362976 -0.11265666037797928 0.0 0.053808468665085145 0.8
0.5286829471588135 0.48820847272872925 0.0 0.02815228563051815 0.8
0.5053805112838745 0.5805463790893555 0.0 0.04373490453101298 0.8
0.16251812875270844 0.7959389090538025 0.0 0.11374800300336142 0.8
1.4691022634506226 -0.05433410033583641 0.0 0.058160327344603316 0.8
-0.04948701336979866 0.562303900718689 0.0 0.10886571008920695 0.8
1.5481114387512207 0.1398639976978302 0.0 0.09658388298887717 0.8
0.3082117438316345 0.8117509484291077 0.0 0.08510298669159969 0.8
0.4167912006378174 0.7298853993415833 0.0 0.06515907792983441 0.8
0.7873207330703735 0.6018255352973938 0.0 0.10604875535904108 0.8
1.5591181516647339 -0.11955597996711731 0.0 0.08735285385380101 0.8
1.6544283628463745 0.12508974969387054 0.0 0.12101906364477771 0.8
1.643968939781189 -0.07538749277591705 0.0 0.10413845054720486 0.8
1.5542939901351929 -0.030563032254576683 0.0 0.06414519507077934 0.8
1.6030747890472412 0.036410991102457047 0.0 0.0844003836797021 0.8
0.043463870882987976 0.5858286619186401 0.0 0.11473340057489062 0.8
-0.13065393269062042 0.6282323002815247 0.0 0.13406065007230195 0.8
0.4850078523159027 0.6665799617767334 0.0 0.06290881877960806 0.8
0.5209652781486511 0.7477997541427612 0.0 0.08143275072781739 0.8
-0.022977517917752266 0.6637520790100098 0.0 0.12980761027444718 0.8
1.758495569229126 0.13661816716194153 0.0 0.1397134094600629 0.8
0.09239217638969421 0.6817069053649902 0.0 0.11952260280009687 0.8
0.5727393627166748 0.6498108506202698 0.0 0.0661497334148387 0.8
1.563464641571045 -0.23661823570728302 0.0 0.1296319999725957 0.8
0.5835328102111816 0.8544275760650635 0.0 0.1002631365851723 0.8
0.6414603590965271 0.7318513989448547 0.0 0.09168579916798107 0.8
0.44494879245758057 0.8455512523651123 0.0 0.08168484236595201 0.8
0.9169682264328003 0.8792230486869812 0.0 0.1730662583089453 0.8
1.7664841413497925 -0.1696983277797699 0.0 0.15645038232708722 0.8
1.7428759336471558 0.010986456647515297 0.0 0.11608262043247011 0.8
0.016176776960492134 0.7895306348800659 0.0 0.13347910511433114 0.8
-0.1103321760892868 0.7496296167373657 0.0 0.15567036735564826 0.8
-0.09486281871795654 0.8967633843421936 0.0 0.17627369231627607 0.8
0.6512847542762756 0.9797312617301941 0.0 0.15250458990242255 0.8
1.8762094974517822 0.09577781707048416 0.0 0.16653252290530088 0.8
1.8180872201919556 -0.34007754921913147 0.0 0.21907559625683404 0.8
1.9016025066375732 -0.06040651723742485 0.0 0.17262389743199108 0.8
2.0533852577209473 -0.10166725516319275 0.0 0.22916211408459303 0.8
-0.22455498576164246 0.9947160482406616 0.0 0.22529262758869 0.8
-0.2289881855249405 0.8307985663414001 0.0 0.19218550749991464 0.8
0.058813050389289856 0.9349821209907532 0.0 0.1451735909544532 0.8
-0.060054101049900055 1.0629135370254517 0.0 0.21080798759004074 0.8
2.0353708267211914 0.05536136403679848 0.0 0.20080385224316652 0.8
0.7077166438102722 1.1276248693466187 0.0 0.21395687703838046 0.8
2.1820826530456543 0.1967645287513733 0.0 0.27078095280873754 0.8
2.2104413509368896 -0.018498068675398827 0.0 0.26280114534175414 0.8
0.26062077283859253 1.5042937994003296 0.0 0.26885391097399824 0.8
0.034311432391405106 1.473691701889038 0.0 0.30059348079473774 0.8
2.4147396087646484 -0.13274316489696503 0.0 0.32010361910203394 0.8
2.4260623455047607 0.1469767540693283 0.0 0.3137582072386461 0.8
0.7583388090133667 0.07905486971139908 0.0 0.003406184708559094 0.8
0.7255561947822571 -0.03842148929834366 0.0 0.003677951269778217 0.8
0.7180785536766052 -0.05352433770895004 0.0 0.004193714581750146 0.8
0.7137637734413147 -0.038586895912885666 0.0 0.003455146602957864 0.8
0.8169013857841492 -0.024294400587677956 0.0 0.003353261812674016 0.8
0.8069801926612854 0.052722495049238205 0.0 0.0025480712406472745 0.8
0.8587872982025146 0.04522540792822838 0.0 0.0026297286662020345 0.8
0.9048230648040771 0.034345705062150955 0.0 0.0036252256248502615 0.8
0.9445972442626953 -0.008768710307776928 0.0 0.0030048301438874597 0.8
0.9467085599899292 -0.012389655224978924 0.0 0.00336617261009515 0.8
0.941199004650116 -0.014294646680355072 0.0 0.00356182458618908 0.8
0.938730001449585 -0.008612588047981262 0.0 0.0034350422733510637 0.8
0.9357687830924988 0.03300496190786362 0.0 0.0032627406926718835 0.8
0.9257669448852539 0.025219302624464035 0.0 0.003899547956433302 0.8
1.0073943138122559 0.0004749468353111297 0.0 0.0006345358900638194 0.8
1.004074215888977 0.0029816864989697933 0.0 0.0006469812433816005 0.8
1.0068249702453613 0.004775372799485922 0.0 0.0005230951201291056 0.8
1.003416657447815 0.006561807356774807 0.0 0.0008643873316835701 0.8
1.0057120323181152 -0.0031906880903989077 0.0 0.0007825599248168607 0.8
0.9739736914634705 0.02588058076798916 0.0 0.004301591716239509 0.8
1.0041989088058472 -0.010599506087601185 0.0 0.0018705272462166134 0.8
1.0037858486175537 -0.0008112938376143575 0.0 0.0008219337812402947 0.8
0.9602199196815491 0.027461707592010498 0.0 0.004527034757477504 0.8
0.9545788764953613 0.024010896682739258 0.0 0.004008304615465503 0.8
0.9519938826560974 0.021443575620651245 0.0 0.0038683529804338992 0.8
0.9679022431373596 0.02978302165865898 0.0 0.004542876107452588 0.8
1.008378267288208 -0.00976573210209608 0.0 0.0012993734766998913 0.8
0.9623771905899048 -0.013593362644314766 0.0 0.005295844785875671 0.8
0.9465698599815369 0.0303138867020607 0.0 0.003203841862872747 0.8
0.9460322856903076 0.02596837468445301 0.0 0.0032909020080414404 0.8
0.9430764317512512 0.027874454855918884 0.0 0.0033777582733669808 0.8
0.9506924748420715 0.026207102462649345 0.0 0.003457176762684663 0.8
0.9472514390945435 0.022063547745347023 0.0 0.00356451522935711 0.8
0.9988914728164673 0.03204616904258728 0.0 0.005366787399415683 0.8
0.9557325839996338 0.027847770601511 0.0 0.0037695893131450393 0.8
0.9583742618560791 -0.012824571691453457 0.0 0.004300454423649434 0.8
0.9601755738258362 -0.009720256552100182 0.0 0.004377414180895236 0.8
0.955213725566864 -0.014452516101300716 0.0 0.004228859170754735 0.8
0.9389306306838989 0.027868060395121574 0.0 0.0032411779803836168 0.8
0.9370125532150269 0.023518430069088936 0.0 0.003718919904871211 0.8
0.9511407613754272 -0.013599933125078678 0.0 0.0038940165558156385 0.8
0.9422562718391418 0.022758375853300095 0.0 0.0036926906365321328 0.8
0.9519113898277283 0.03230084478855133 0.0 0.0034101964014184877 0.8
1.0097312927246094 0.0035917817149311304 0.0 0.0006292100212110137 0.8
0.9630481004714966 0.030046915635466576 0.0 0.004689089316738923 0.8
0.9553340077400208 -0.009308047592639923 0.0 0.0036585134369533042 0.8
0.9030592441558838 -0.014984243549406528 0.0 0.003987484278609712 0.8
0.9501372575759888 -0.008996307849884033 0.0 0.0033336468686636727 0.8
0.9582147598266602 -0.024205291643738747 0.0 0.007430635464020613 0.8
0.8864560127258301 0.04225330799818039 0.0 0.002878264092665852 0.8
0.8227947950363159 0.05311444029211998 0.0 0.002117159862233847 0.8
0.8279399871826172 0.04719828441739082 0.0 0.0027609186821054414 0.8
0.8321280479431152 0.054900072515010834 0.0 0.0018518098074424478 0.8
0.8359105587005615 0.04694439843297005 0.0 0.0028631768322264226 0.8
0.9244429469108582 0.037067826837301254 0.0 0.003142660786929377 0.8
0.8514528870582581 0.04301225394010544 0.0 0.0030165179512226937 0.8
0.844616174697876 0.04531232640147209 0.0 0.002953378586600746 0.8
0.9317144751548767 0.03873078525066376 0.0 0.0033068084558777722 0.8
0.8660168647766113 -0.027026785537600517 0.0 0.0036675924636695857 0.8
0.9418317079544067 -0.020814180374145508 0.0 0.005733779376228169 0.8
0.7797265648841858 0.05427386984229088 0.0 0.0025070992791242667 0.8
0.7742985486984253 0.05869024991989136 0.0 0.001833183537774825 0.8
0.815131425857544 0.050222668796777725 0.0 0.00254338779546756 0.8
0.37993964552879333 0.08047770708799362 0.0 0.012310947822411662 0.8
0.7576347589492798 0.06527023762464523 0.0 0.0016572635203038364 0.8
0.756957471370697 0.05654182285070419 0.0 0.0025435264369294453 0.8
0.7654702067375183 0.05801868066191673 0.0 0.0024100312667370036 0.8
0.38850265741348267 0.07891421765089035 0.0 0.00981689471374685 0.8
0.39437249302864075 0.0825633704662323 0.0 0.00882999805826363 0.8
0.7178425192832947 0.066031813621521 0.0 0.0015602366517471265 0.8
0.7244436144828796 0.06252282112836838 0.0 0.0020838667619756755 0.8
0.8013142943382263 -0.027375612407922745 0.0 0.002875916801713377 0.8
0.8083868622779846 -0.02377973683178425 0.0 0.0033451284831721756 0.8
0.6918333768844604 0.06621210277080536 0.0 0.0021634745997416035 0.8
0.7009995579719543 0.06317900866270065 0.0 0.0022198202663290386 0.8
0.7096536159515381 0.06485170871019363 0.0 0.002111587676904247 0.8
0.6555696129798889 0.070268414914608 0.0 0.0018844462148306766 0.8
0.6466544270515442 0.07362709939479828 0.0 0.0019150965100029073 0.8
0.40297532081604004 0.08198454976081848 0.0 0.008677740092028798 0.8
0.7838364839553833 -0.032771747559309006 0.0 0.0031997856752297637 0.8
0.7649925947189331 -0.03062002919614315 0.0 0.0036017083295682407 0.8
0.4573011100292206 0.08114521950483322 0.0 0.005920335098438887 0.8
0.44757428765296936 0.08035004138946533 0.0 0.0053526767664690885 0.8
0.5471368432044983 0.07912260293960571 0.0 0.002504793779952094 0.8
0.5402237772941589 0.08436186611652374 0.0 0.002299254243279395 0.8
0.5575118064880371 0.07937261462211609 0.0 0.0023721732625931915 0.8
0.8937475085258484 -0.03624743968248367 0.0 0.008769977353032938 0.8
0.6178532242774963 0.07551063597202301 0.0 0.0020208291130196033 0.8
0.627941370010376 0.07349174469709396 0.0 0.0019061749702080804 0.8
0.6367208957672119 0.07719067484140396 0.0 0.0013422709180572537 0.8
0.6953589916229248 -0.04029456526041031 0.0 0.0036900332971525093 0.8
0.7045226097106934 -0.04590201750397682 0.0 0.003430899323380086 0.8
0.6843041777610779 -0.04313840717077255 0.0 0.004097665678703677 0.8
0.5699177384376526 0.07799849659204483 0.0 0.002382234408526329 0.8
0.4934414029121399 0.07891795039176941 0.0 0.004198655187556143 0.8
0.6709631085395813 -0.04565475508570671 0.0 0.004283765800895744 0.8
0.7741771340370178 -0.03596499189734459 0.0 0.0034369755079772493 0.8
0.5362072587013245 0.09868151694536209 0.0 0.0034139687588236817 0.8
0.5516441464424133 -0.07061184197664261 0.0 0.00886329445721135 0.8
0.538126528263092 -0.07484795153141022 0.0 0.013434908890373104 0.8
0.504719078540802 -0.08055846393108368 0.0 0.01780195740673342 0.8
0.5129066109657288 -0.06685823202133179 0.0 0.013007046334814292 0.8
0.6451843976974487 -0.047623541206121445 0.0 0.00429435772154371 0.8
0.8308115601539612 0.08471522480249405 0.0 0.011140136541286793 0.8
0.5921266674995422 0.19824719429016113 0.0 0.004602404256034514 0.8
0.592766523361206 0.22837762534618378 0.0 0.00594948643204219 0.8
1.0008066892623901 0.009062050841748714 0.0 0.00199529568627945 0.8
