0.993608951569 0.000508245837409 0.0 5.353088433700322e-05 0.8
0.993623733521 0.000764589465689 0.0 6.576727924232931e-05 0.8
0.993638455868 0.00102093303576 0.0 7.052273453739591e-05 0.8
0.99365323782 0.00127727654763 0.0 7.593820053262214e-05 0.8
0.993668019772 0.00153362017591 0.0 8.266874431343115e-05 0.8
0.993413865566 0.00158835737966 0.0 0.00015022383707763033 0.8
0.992914140224 0.00169596937485 0.0 0.00033050398274254566 0.8
0.992175757885 0.00185498129576 0.0 0.0005776598690064847 0.8
0.991195321083 0.00205996772274 0.0 0.0008318805354742368 0.8
0.989887475967 0.00232933624648 0.0 0.0010403357207705863 0.8
0.988317430019 0.00265269749798 0.0 0.0012332874505507757 0.8
0.986521780491 0.00302253942937 0.0 0.00140697376446221 0.8
0.984504163265 0.00343809230253 0.0 0.001581249845408323 0.8
0.982248306274 0.00390062318183 0.0 0.0017669489298134254 0.8
0.979724824429 0.00441408436745 0.0 0.00196254092216009 0.8
0.97692501545 0.00498377159238 0.0 0.0021569679408524885 0.8
0.973866999149 0.00560595002025 0.0 0.0023442493092429113 0.8
0.970575332642 0.0062570720911 0.0 0.0025242822649391757 0.8
0.967025756836 0.00695921108127 0.0 0.002701611045172703 0.8
0.963253319263 0.00770384212956 0.0 0.002879808200719437 0.8
0.959235966206 0.00849149003625 0.0 0.0030610708528072627 0.8
0.954964339733 0.00932899489999 0.0 0.003245455244406101 0.8
0.950438320637 0.0102076875046 0.0 0.0034255365835579306 0.8
0.945675492287 0.0111300805584 0.0 0.0035992330657403163 0.8
0.940685212612 0.0120859304443 0.0 0.003770861017373818 0.8
0.935462355614 0.0130783366039 0.0 0.003950530083298591 0.8
0.929993093014 0.0141043411568 0.0 0.004135366888773139 0.8
0.924234867096 0.0151705294847 0.0 0.004314713165424543 0.8
0.91826403141 0.0162629745901 0.0 0.004482590890849384 0.8
0.912075638771 0.0173833407462 0.0 0.0046484058487644446 0.8
0.905660808086 0.0185350645334 0.0 0.00482555179836639 0.8
0.898984909058 0.0197281762958 0.0 0.005009689594671301 0.8
0.892045140266 0.0209398753941 0.0 0.0051910685338482955 0.8
0.884868085384 0.0221853721887 0.0 0.005363245746065743 0.8
0.877463400364 0.0234517138451 0.0 0.005531402897274454 0.8
0.869836091995 0.0247449409217 0.0 0.0057046017795018625 0.8
0.861962378025 0.026063894853 0.0 0.0058862693067470604 0.8
0.853823840618 0.0273969527334 0.0 0.006071432537941325 0.8
0.845428287983 0.0287572368979 0.0 0.006241912170023391 0.8
0.836791574955 0.0301302410662 0.0 0.006393316399081638 0.8
0.828008830547 0.0315146893263 0.0 0.0065400054370500105 0.8
0.819008409977 0.0329212099314 0.0 0.0067012850870016 0.8
0.809759140015 0.0343261957169 0.0 0.006881871498353345 0.8
0.800245344639 0.0357394553721 0.0 0.007050692527976455 0.8
0.790471434593 0.0371661596 0.0 0.007191137855044511 0.8
0.780591785908 0.0385783016682 0.0 0.007312836627686955 0.8
0.770540714264 0.0399924144149 0.0 0.007442761354279258 0.8
0.760284245014 0.0413974970579 0.0 0.007597915348118459 0.8
0.749791324139 0.042772334069 0.0 0.007759595027124309 0.8
0.739044547081 0.044135261327 0.0 0.007910248710633961 0.8
0.728126883507 0.0455297194421 0.0 0.008042908233671856 0.8
0.717043340206 0.0469304509461 0.0 0.008165081083925236 0.8
0.705781161785 0.0482513830066 0.0 0.00828505728074548 0.8
0.694341659546 0.0495256073773 0.0 0.0075413091035026565 0.8
0.682754814625 0.0508286841214 0.0 0.004943312449841959 0.8
0.671030879021 0.0521449930966 0.0 0.0032360647564590537 0.8
0.65917378664 0.0533994026482 0.0 0.002430961062980464 0.8
0.647193431854 0.0545496307313 0.0 0.0033087496045430182 0.8
0.635106980801 0.0556673444808 0.0 0.0036612544806801615 0.8
0.622926473618 0.0567427836359 0.0 0.00349928935149668 0.8
0.610663414001 0.0577612370253 0.0 0.0025535799898545194 0.8
0.598331332207 0.058697540313 0.0 0.0025730179157134334 0.8
0.585966944695 0.0595688968897 0.0 0.002343919873047107 0.8
0.573578238487 0.0603792369366 0.0 0.0020328194510619924 0.8
0.561178386211 0.0611232221127 0.0 0.0015644607479838857 0.8
0.548780322075 0.061783272773 0.0 0.001956343018591059 0.8
0.536412417889 0.0623451508582 0.0 0.0031813746395835387 0.8
0.524096548557 0.0628361850977 0.0 0.005044739047508784 0.8
0.511843919754 0.0632597729564 0.0 0.005988678720678582 0.8
0.499666810036 0.0636186078191 0.0 0.005718513646326465 0.8
0.487586021423 0.0638879835606 0.0 0.006005894295983267 0.8
0.475617080927 0.0640897899866 0.0 0.006310617786425303 0.8
0.463765889406 0.0642358660698 0.0 0.00658966730894724 0.8
0.452052891254 0.0643287450075 0.0 0.006387227185892067 0.8
0.440508037806 0.0643474310637 0.0 0.006684992041703641 0.8
0.429143667221 0.0643100887537 0.0 0.0071976074285754615 0.8
0.417944848537 0.0642321184278 0.0 0.0077459867024196665 0.8
0.406921982765 0.0641159117222 0.0 0.007838471630392802 0.8
0.396087557077 0.0639514327049 0.0 0.007722227065186295 0.8
0.385510504246 0.0637466460466 0.0 0.007594639216367454 0.8
0.375162571669 0.0635071396828 0.0 0.007412087509251386 0.8
0.365035414696 0.0632332935929 0.0 0.00723220022059304 0.8
0.355132997036 0.0629120245576 0.0 0.007060723006249061 0.8
0.345476210117 0.0625638961792 0.0 0.00689324540690817 0.8
0.336087435484 0.0621979385614 0.0 0.006717352130013442 0.8
0.326967447996 0.0618119873106 0.0 0.006525846149860844 0.8
0.318113416433 0.0613973774016 0.0 0.006333326256030439 0.8
0.309512645006 0.0609737895429 0.0 0.006138734363213532 0.8
0.301202476025 0.0605434067547 0.0 0.005942046921736745 0.8
0.293152451515 0.0600931793451 0.0 0.005742408396176964 0.8
0.285379678011 0.0596419870853 0.0 0.005536580193471903 0.8
0.277896881104 0.0591861568391 0.0 0.005323055494758471 0.8
0.270724207163 0.0587190873921 0.0 0.005131578326909976 0.8
0.263842970133 0.0582565963268 0.0 0.004987900497838159 0.8
0.257066011429 0.0577592998743 0.0 0.00488781095500187 0.8
0.250395417213 0.0572485439479 0.0 0.004798861762341164 0.8
0.243852883577 0.056724075228 0.0 0.00470295000296475 0.8
0.237481743097 0.0561787448823 0.0 0.004612820345074505 0.8
0.231207385659 0.0556295178831 0.0 0.004536485498952281 0.8
0.225025504827 0.0550628006458 0.0 0.0044657820391630805 0.8
0.218934983015 0.0544895417988 0.0 0.004389562247398859 0.8
0.212971881032 0.0539112612605 0.0 0.004310660330762296 0.8
0.207115218043 0.0533283799887 0.0 0.004234850438480196 0.8
0.201357513666 0.0527479462326 0.0 0.004163660909865348 0.8
0.195694863796 0.052151683718 0.0 0.004093877871103603 0.8
0.19013273716 0.0515574924648 0.0 0.004025456860610703 0.8
0.184663340449 0.0509631223977 0.0 0.0039580292752927106 0.8
0.179283991456 0.0503589212894 0.0 0.0038881159032514334 0.8
0.1740013659 0.0497571900487 0.0 0.0038136434766629125 0.8
0.168836414814 0.0491462759674 0.0 0.0037391673760747966 0.8
0.163774251938 0.0485380403697 0.0 0.0036696167790328544 0.8
0.15879650414 0.0479283072054 0.0 0.003604397781258739 0.8
0.153909921646 0.0473006255925 0.0 0.003532060075162251 0.8
0.149117469788 0.0466732010245 0.0 0.003450650515916208 0.8
0.144477128983 0.046039570123 0.0 0.0033693403349072015 0.8
0.139934614301 0.0454053618014 0.0 0.003296814060233687 0.8
0.135480627418 0.0447657108307 0.0 0.0032317788050199364 0.8
0.131113469601 0.0441131331027 0.0 0.0031642393126467554 0.8
0.126845926046 0.0434649847448 0.0 0.003094535249148455 0.8
0.122685410082 0.0428089015186 0.0 0.0030273227515619536 0.8
0.118610024452 0.0421575717628 0.0 0.0029664083425058577 0.8
0.114614225924 0.0415076240897 0.0 0.00290737627901506 0.8
0.11069317162 0.0408514887094 0.0 0.0028468310319402597 0.8
0.106872260571 0.040203563869 0.0 0.002786102340502306 0.8
0.103130839765 0.0395402126014 0.0 0.00272708288694105 0.8
0.0994679108262 0.0388825945556 0.0 0.002666661223263763 0.8
0.0958860442042 0.0382285304368 0.0 0.0026032123100779197 0.8
0.0924128368497 0.0375694222748 0.0 0.0025426401505122724 0.8
0.0890135169029 0.0369142889977 0.0 0.002489222845007459 0.8
0.0856804475188 0.0362499319017 0.0 0.00243977370517275 0.8
0.0824119523168 0.03558826074 0.0 0.0023854160792431294 0.8
0.0792259350419 0.0349290333688 0.0 0.002328081129565778 0.8
0.0761366486549 0.0342709831893 0.0 0.002274844573755282 0.8
0.073105417192 0.03361742571 0.0 0.002229249529528039 0.8
0.0701322034001 0.0329568907619 0.0 0.0021848083491781056 0.8
0.0672173500061 0.0322974547744 0.0 0.0021360608148804187 0.8
0.0643886551261 0.031640317291 0.0 0.002086399886002948 0.8
0.061625238508 0.0309841521084 0.0 0.002040595031691627 0.8
0.0589191764593 0.0303351022303 0.0 0.0019979613362104643 0.8
0.0562693811953 0.0296778529882 0.0 0.0019542029785888427 0.8
0.0536888167262 0.0290260389447 0.0 0.0019096261573873137 0.8
0.0511722564697 0.0283725541085 0.0 0.001865969012017415 0.8
0.0487144216895 0.0277154464275 0.0 0.0018226151476499327 0.8
0.0463148243725 0.0270651839674 0.0 0.0017766052979912106 0.8
0.0439884625375 0.0264087580144 0.0 0.0017301683178526268 0.8
0.0417330600321 0.0257589109242 0.0 0.0016881013677262173 0.8
0.0395297966897 0.0251026637852 0.0 0.001652758096199371 0.8
0.0373725928366 0.0244444329292 0.0 0.0016160355427240845 0.8
0.0352553576231 0.0237904582173 0.0 0.0015729333831607177 0.8
0.0332312881947 0.0231358949095 0.0 0.0015273946275654116 0.8
0.0312638245523 0.0224852561951 0.0 0.001485457009936992 0.8
0.029351407662 0.0218290947378 0.0 0.0014477801112101044 0.8
0.0274930279702 0.0211653988808 0.0 0.0014075635973991273 0.8
0.0256938710809 0.0205103866756 0.0 0.0013637903335222098 0.8
0.0239705760032 0.0198440421373 0.0 0.0012983853432143794 0.8
0.0223103649914 0.0191848482937 0.0 0.001236399356914159 0.8
0.0207142625004 0.0185217987746 0.0 0.0011957166551401464 0.8
0.0191797036678 0.0178504381329 0.0 0.0011413568366979128 0.8
0.0177088342607 0.0171910803765 0.0 0.0010892603528126796 0.8
0.0162971857935 0.0165115874261 0.0 0.0009730184995812809 0.8
0.0149456923828 0.0158392898738 0.0 0.0008901723064992689 0.8
0.0136701492593 0.0151669420302 0.0 0.0008310349965421399 0.8
0.0124750193208 0.0144918197766 0.0 0.0007763725768907301 0.8
0.0113319819793 0.0138249313459 0.0 0.0007282790085777322 0.8
0.0102563975379 0.0131331952289 0.0 0.0007053475643481035 0.8
0.00923071429133 0.0124482670799 0.0 0.0007150225798301489 0.8
0.00827633216977 0.0117649389431 0.0 0.000757205215048118 0.8
0.00738675240427 0.0110827293247 0.0 0.000766504138819265 0.8
0.0065292250365 0.0104032335803 0.0 0.000782710836777012 0.8
0.00571103766561 0.00971192959696 0.0 0.0007671589358220095 0.8
0.00492054410279 0.00902418978512 0.0 0.0007448395588399024 0.8
0.00417390372604 0.00833734776825 0.0 0.000674349889952052 0.8
0.00349491671659 0.00764854811132 0.0 0.0005615335061632452 0.8
0.00286120618694 0.00697399396449 0.0 0.00046661173818359836 0.8
0.0023205364123 0.00626894226298 0.0 0.00042688415145083174 0.8
0.0018322734395 0.00558086438105 0.0 0.00042341062079140004 0.8
0.00141387851909 0.0048840586096 0.0 0.0004693475982795608 0.8
0.00105604692362 0.00418451661244 0.0 0.0005052821886205662 0.8
0.000732420710847 0.00349356629886 0.0 0.0005455033596657397 0.8
0.000498807174154 0.00279210112058 0.0 0.0005320726972039138 0.8
0.000297218124615 0.00209805881605 0.0 0.0005221996100481343 0.8
0.000153042419697 0.00139834883157 0.0 0.0004582076104784224 0.8
6.2963750679e-05 0.000698290125001 0.0 0.00035613221646708373 0.8
0.0 0.0 0.0 0.00026064697759305676 0.8
3.10145478579e-05 -0.000258143554674 0.0 0.00022456385783755804 0.8
6.64168110234e-05 -0.000552807410713 0.0 0.00022874218790279818 0.8
0.00010636724619 -0.000885327172 0.0 0.00025878558515195774 0.8
0.000151482774527 -0.00126083754003 0.0 0.0002920993141135721 0.8
0.000230681194807 -0.00168148148805 0.0 0.0003288207119205495 0.8
0.000346936838469 -0.00214756885543 0.0 0.0003718724426661208 0.8
0.000476882414659 -0.00266854139045 0.0 0.0004237313591277384 0.8
0.000677853066009 -0.00326484860852 0.0 0.0004826964932058163 0.8
0.000943357357755 -0.0039283381775 0.0 0.0005428309932530866 0.8
0.00126999081112 -0.00464676646516 0.0 0.0006026891519833929 0.8
0.00168547348585 -0.00541047472507 0.0 0.0006112966689465182 0.8
0.00221454934217 -0.0062233558856 0.0 0.0006131914602674212 0.8
0.00284602423199 -0.00704993167892 0.0 0.000628024605713038 0.8
0.0036018632818 -0.00785496179014 0.0 0.0007096929106246475 0.8
0.00444129668176 -0.00868837814778 0.0 0.0008238604646072668 0.8
0.00541350804269 -0.00950716249645 0.0 0.0009228719074366357 0.8
0.00645757326856 -0.0103596244007 0.0 0.0010143570237635914 0.8
0.00759686110541 -0.0112233068794 0.0 0.0010890213419863248 0.8
0.00888541340828 -0.0121327228844 0.0 0.00116572147618769 0.8
0.0102674225345 -0.0130590144545 0.0 0.0012344595236553335 0.8
0.0117672160268 -0.0139470519498 0.0 0.0012973747793632703 0.8
0.0133630288765 -0.0148380575702 0.0 0.0013629786961372604 0.8
0.0150759676471 -0.0157367382199 0.0 0.0014287876018295152 0.8
0.0168939009309 -0.0166074745357 0.0 0.0014939738325587988 0.8
0.018798917532 -0.0174853820354 0.0 0.0015615369175176008 0.8
0.0208219345659 -0.0183581933379 0.0 0.0016325438484736938 0.8
0.0229566376656 -0.0192338377237 0.0 0.0017017580435187047 0.8
0.0251798629761 -0.0201190747321 0.0 0.0017706265195550392 0.8
0.0275011248887 -0.0209875255823 0.0 0.0018432855354713093 0.8
0.0299525503069 -0.0218606200069 0.0 0.0019179229431373305 0.8
0.0325086414814 -0.0227326508611 0.0 0.001988151764049742 0.8
0.0351634137332 -0.0235798284411 0.0 0.0020551563623763956 0.8
0.037906140089 -0.0244344770908 0.0 0.002123770891970604 0.8
0.0407653748989 -0.025290587917 0.0 0.0021932906628963755 0.8
0.0437170043588 -0.0261382516474 0.0 0.002267828354137675 0.8
0.0467622168362 -0.0269922576845 0.0 0.0023506660399867834 0.8
0.0499657690525 -0.0278346855193 0.0 0.0024380086711871902 0.8
0.0532905980945 -0.0286825764924 0.0 0.0025181039791312048 0.8
0.0567110292614 -0.0295281168073 0.0 0.0025910941465850648 0.8
0.0602288581431 -0.0303437523544 0.0 0.0026640579449164928 0.8
0.0638724491 -0.0311702005565 0.0 0.00273729436096636 0.8
0.0676078945398 -0.0319822989404 0.0 0.00281184204057573 0.8
0.0714389979839 -0.0327959693968 0.0 0.002890629008233268 0.8
0.0754009857774 -0.0336236655712 0.0 0.002972746042990391 0.8
0.0794863477349 -0.0344326272607 0.0 0.003049428659863954 0.8
0.0836611762643 -0.0352446138859 0.0 0.003124180836243144 0.8
0.0879302024841 -0.0360447205603 0.0 0.0032099853433538383 0.8
0.0923464521766 -0.0368423573673 0.0 0.003306392351821468 0.8
0.0969187617302 -0.0376485213637 0.0 0.0033992034742314297 0.8
0.101606234908 -0.0384266413748 0.0 0.0034847886527635146 0.8
0.106386944652 -0.0392082557082 0.0 0.0035689700282032595 0.8
0.111319229007 -0.0399879589677 0.0 0.0036551922183940466 0.8
0.116359807551 -0.0407530926168 0.0 0.0037453126310699717 0.8
0.121514290571 -0.0415108837187 0.0 0.0038403021192160358 0.8
0.12683570385 -0.0422577857971 0.0 0.0039379337575570755 0.8
0.13228957355 -0.0430119968951 0.0 0.004027465109656746 0.8
0.137849450111 -0.043751090765 0.0 0.00411367372152758 0.8
0.143515869975 -0.0444797500968 0.0 0.0042067548335309474 0.8
0.149351865053 -0.0451973900199 0.0 0.0043054383044097795 0.8
0.15531668067 -0.0459019467235 0.0 0.004405115572635024 0.8
0.161406978965 -0.0466089323163 0.0 0.004506256870552009 0.8
0.167656302452 -0.0472851954401 0.0 0.004607489212534152 0.8
0.174058198929 -0.0479669198394 0.0 0.004698651712132832 0.8
0.18056063354 -0.0486274696887 0.0 0.0047805231574630505 0.8
0.187161192298 -0.0492808744311 0.0 0.004871886991770127 0.8
0.193897992373 -0.0499284863472 0.0 0.0049785579266785444 0.8
0.200833693147 -0.0505590587854 0.0 0.00508560360758876 0.8
0.207894384861 -0.0511861741543 0.0 0.0051858132733685475 0.8
0.215065747499 -0.0517726913095 0.0 0.00527992520550496 0.8
0.222406759858 -0.0523630902171 0.0 0.005372578071906902 0.8
0.22985252738 -0.052927583456 0.0 0.005465714273939767 0.8
0.237414196134 -0.0534810014069 0.0 0.00556863696687832 0.8
0.24514426291 -0.0540158301592 0.0 0.005683924391366212 0.8
0.253065109253 -0.0545228756964 0.0 0.005796226925685052 0.8
0.261116415262 -0.0550117306411 0.0 0.005928252469324869 0.8
0.269295603037 -0.0554527975619 0.0 0.006130862514829943 0.8
0.277874976397 -0.0558993406594 0.0 0.0064232882279013715 0.8
0.286975681782 -0.056305129081 0.0 0.006771322050005137 0.8
0.296554028988 -0.0566992871463 0.0 0.007135670922303252 0.8
0.306621551514 -0.0570603087544 0.0 0.007499647169795366 0.8
0.317258119583 -0.0573512800038 0.0 0.007849862226127397 0.8
0.32832056284 -0.0575907453895 0.0 0.008177173805202486 0.8
0.339799910784 -0.0577398538589 0.0 0.00849822215246499 0.8
0.351734787226 -0.0577784106135 0.0 0.008230928798354008 0.8
0.364163547754 -0.0577163957059 0.0 0.006686362385306899 0.8
0.376948833466 -0.0575335547328 0.0 0.004373684157190992 0.8
0.390058338642 -0.0571575537324 0.0 0.0026398811667521557 0.8
0.403526991606 -0.0566229261458 0.0 0.0018877243891720966 0.8
0.41726821661 -0.0559351295233 0.0 0.0015421336314320247 0.8
0.431238591671 -0.0550965555012 0.0 0.0011385536284451026 0.8
0.445416510105 -0.0540721639991 0.0 0.0008386277409211025 0.8
0.459785580635 -0.0528817549348 0.0 0.0006704470925585867 0.8
0.474278271198 -0.0515517480671 0.0 0.0008259829923128659 0.8
0.488872051239 -0.0500937178731 0.0 0.0008410172397829105 0.8
0.503548622131 -0.0485190339386 0.0 0.0008470827023951398 0.8
0.518264353275 -0.0468320287764 0.0 0.0007217187798302788 0.8
0.532989919186 -0.0450357720256 0.0 0.001021998534832243 0.8
0.547707438469 -0.0431621409953 0.0 0.0018354988874340423 0.8
0.562402665615 -0.0412292554975 0.0 0.003209213704726586 0.8
0.577049791813 -0.0392492078245 0.0 0.005608785163419268 0.8
0.591630637646 -0.0372440442443 0.0 0.007703870904346553 0.8
0.606127440929 -0.0352688767016 0.0 0.01 0.8
0.620496749878 -0.0332779958844 0.0 0.00947767798366055 0.8
0.634726405144 -0.0312093440443 0.0 0.009386348650055758 0.8
0.648812055588 -0.0291411168873 0.0 0.009759712166191231 0.8
0.662732303143 -0.0271186716855 0.0 0.01 0.8
0.676472723484 -0.0251458697021 0.0 0.009995751821340857 0.8
0.690021514893 -0.0232066884637 0.0 0.009856208223690717 0.8
0.703366994858 -0.0213204156607 0.0 0.009715159933677907 0.8
0.716554701328 -0.0194808859378 0.0 0.009564164507959681 0.8
0.729519188404 -0.0177009515464 0.0 0.00939027691238067 0.8
0.742236256599 -0.0159884616733 0.0 0.009177249675928999 0.8
0.754655063152 -0.0143482377753 0.0 0.008941552917081803 0.8
0.766673922539 -0.0127977281809 0.0 0.008712216946303874 0.8
0.778437376022 -0.0113401422277 0.0 0.008502878811715749 0.8
0.789957642555 -0.00995280127972 0.0 0.008301532422972931 0.8
0.801192104816 -0.00867028534412 0.0 0.008088835357986948 0.8
0.812126994133 -0.00746146729216 0.0 0.007867572655149199 0.8
0.822762608528 -0.00630582403392 0.0 0.007641545410659575 0.8
0.833094239235 -0.00526870461181 0.0 0.007412681735019085 0.8
0.843102872372 -0.00427999906242 0.0 0.007184116397044917 0.8
0.852814972401 -0.00341590237804 0.0 0.006954469479088092 0.8
0.862219572067 -0.00259120436385 0.0 0.0067183544720959215 0.8
0.871293306351 -0.00187481660396 0.0 0.006478811644931412 0.8
0.880022525787 -0.00118990603369 0.0 0.006245897511563251 0.8
0.888459146023 -0.00063809560379 0.0 0.006018433016925295 0.8
0.896600961685 -0.000105565806734 0.0 0.005792524184581654 0.8
0.904407918453 0.000308426155243 0.0 0.005569500771416911 0.8
0.911925256252 0.000680429511704 0.0 0.0053529967702242364 0.8
0.919159531593 0.000998456613161 0.0 0.005131093995281106 0.8
0.92610001564 0.00122323120013 0.0 0.004899056180608697 0.8
0.932666659355 0.0014358998742 0.0 0.004669907987897033 0.8
0.938949108124 0.00154886662494 0.0 0.004449500388890968 0.8
0.944951891899 0.00160586589482 0.0 0.004230684996679407 0.8
0.950638175011 0.00165985967033 0.0 0.004006421798223868 0.8
0.956000566483 0.00164185999893 0.0 0.003784787910127752 0.8
0.961072206497 0.00158474454656 0.0 0.0035609968450641704 0.8
0.965854883194 0.00153088290244 0.0 0.003329681684717063 0.8
0.970274031162 0.00146482104901 0.0 0.0030954306540213463 0.8
0.974382162094 0.00132303184364 0.0 0.0028623962920656678 0.8
0.978187203407 0.00119170278776 0.0 0.002617934544561642 0.8
0.981654584408 0.0010720276041 0.0 0.0023537841485345642 0.8
0.984709322453 0.000966596824583 0.0 0.002078831957933312 0.8
0.987404465675 0.000836618652102 0.0 0.001771195176318816 0.8
0.9897159338 0.000714283669367 0.0 0.0014113217081568132 0.8
0.991435170174 0.000623294035904 0.0 0.0005840484188451266 0.8
0.992623329163 0.000560408749152 0.0 0.0002082345859203256 0.8
0.993349313736 0.000521987094544 0.0 7.443468517846168e-05 0.8
