0.9936089515686035 0.0005082458374090493 0.0 0.0001 0.8
0.9933493137359619 0.0005219870945438743 0.0 0.0001 0.8
0.9926233291625977 0.0005604087491519749 0.0 0.00031444279295911824 0.8
0.0028460242319852114 -0.007049931678920984 0.0 0.0009713183899012532 0.8
0.0022145493421703577 -0.006223355885595083 0.0 0.0005329195715899719 0.8
0.0016854734858497977 -0.0054104747250676155 0.0 0.0003181657418472005 0.8
0.001269990811124444 -0.00464676646515727 0.0 0.0003787914644247263 0.8
0.0009433573577553034 -0.003928338177502155 0.0 0.0006075744011306323 0.8
3.101454785792157e-05 -0.0002581435546744615 0.0 0.00041807437408851916 0.8
0.0 0.0 0.0 0.00043354849497698655 0.8
6.296375067904592e-05 0.0006982901250012219 0.0 0.000667514441157337 0.8
0.0007324207108467817 0.0034935662988573313 0.0 0.0010426955377155858 0.8
0.001056046923622489 0.004184516612440348 0.0 0.0010917736465170596 0.8
0.0023205364122986794 0.006268942262977362 0.0 0.0007857988647565439 0.8
0.0028612061869353056 0.006973993964493275 0.0 0.0005861399504682227 0.8
0.0034949167165905237 0.007648548111319542 0.0 0.0006404758274731081 0.8
0.004173903726041317 0.008337347768247128 0.0 0.001059504578583628 0.8
0.005711037665605545 0.009711929596960545 0.0 0.0012758905799994161 0.8
0.0065292250365018845 0.010403233580291271 0.0 0.0014360021686749844 0.8
0.011331981979310513 0.013824931345880032 0.0 0.001974892186009894 0.8
0.012475019320845604 0.014491819776594639 0.0 0.0020391072008818156 0.8
0.6351069808006287 0.055667344480752945 0.0 0.00825574860122383 0.8
0.647193431854248 0.05454963073134422 0.0 0.0021729313185699047 0.8
0.6591737866401672 0.053399402648210526 0.0 0.0008268967736958129 0.8
0.6710308790206909 0.05214499309659004 0.0 0.0008679708803365742 0.8
0.6827548146247864 0.050828684121370316 0.0 0.0011388208430773662 0.8
0.6943416595458984 0.049525607377290726 0.0 0.003349223279590458 0.8
0.9929141402244568 0.0016959693748503923 0.0 0.0002005003542272492 0.8
0.9934138655662537 0.0015883573796600103 0.0 0.0001 0.8
0.9936680197715759 0.0015336201759055257 0.0 0.0001 0.8
0.9936532378196716 0.001277276547625661 0.0 0.0001 0.8
0.9936384558677673 0.001020933035761118 0.0 0.0001 0.8
0.9936237335205078 0.0007645894656889141 0.0 0.0001 0.8
0.996222972869873 -0.0020425659604370594 0.0 0.0006641049826650575 0.8
0.9959999918937683 -0.0011813031742349267 0.0 0.0002886286000778423 0.8
0.9953287839889526 -0.0016219604294747114 0.0 0.0005797826039000405 0.8
0.669098436832428 0.06516038626432419 0.0 0.0009485816092027378 0.8
0.6595773696899414 0.06075570359826088 0.0 0.0008976782991604648 0.8
0.6507070660591125 0.06666222959756851 0.0 0.0014804479436317693 0.8
0.6396446228027344 0.06530991196632385 0.0 0.0043632346617497215 0.8
0.6681210994720459 0.11228956282138824 0.0 0.001726753287548076 0.8
0.6619745492935181 0.08992143720388412 0.0 0.001186762369025053 0.8
0.676067054271698 0.09512998163700104 0.0 0.0014241530118284074 0.8
0.6289054155349731 0.08319780230522156 0.0 0.009078143329315495 0.8
0.6300757527351379 0.07225930690765381 0.0 0.010994845960502042 0.8
0.6452880501747131 0.08016888797283173 0.0 0.002982637930307513 0.8
0.40979287028312683 0.3873511254787445 0.0 0.06970264401469631 0.8
0.4881998896598816 0.4257471561431885 0.0 0.04037962791803963 0.8
0.031244127079844475 0.11603925377130508 0.0 0.021127682064668446 0.8
0.04319818317890167 0.09921938925981522 0.0 0.017614599498495132 0.8
-0.028364233672618866 0.06739956885576248 0.0 0.01654106875268761 0.8
-0.03924865648150444 0.07461507618427277 0.0 0.019635145566094494 0.8
0.016878891736268997 0.0196052398532629 0.0 0.002836901527263428 0.8
-0.005660565569996834 0.02066880278289318 0.0 0.00384214005923126 0.8
-0.008956754580140114 0.018578367307782173 0.0 0.0037920204655287238 0.8
-0.00556415319442749 0.017080089077353477 0.0 0.0032764568131018234 0.8
-0.009575414471328259 0.04637190327048302 0.0 0.008834498037901893 0.8
-0.006608361843973398 0.040411900728940964 0.0 0.006998562653109041 0.8
-0.0029286276549100876 0.04552275314927101 0.0 0.008266696517199055 0.8
0.0009060690063051879 0.007542891427874565 0.0 0.001081820125254495 0.8
0.0016898461617529392 0.00837731547653675 0.0 0.0009857767758993273 0.8
0.00011350758722983301 0.018770677968859673 0.0 0.003707254342516833 0.8
0.00199082400649786 0.016085049137473106 0.0 0.003273818830749839 0.8
0.004775159060955048 0.010188894346356392 0.0 0.001495884520215322 0.8
0.0054726130329072475 0.010620830580592155 0.0 0.001396162324542613 0.8
0.0036109169013798237 0.010588019154965878 0.0 0.0016924113453964625 0.8
-0.0017703865887597203 0.002452048473060131 0.0 0.0010982225158335716 0.8
-0.0011639570584520698 0.0034420432057231665 0.0 0.0011471537711129837 0.8
-0.0020885607227683067 0.0032551053445786238 0.0 0.0012259708891848903 0.8
9.748373122420162e-05 0.003386452794075012 0.0 0.0010822848166188966 0.8
-0.003262684913352132 0.0007162458496168256 0.0 0.0013278867002337457 0.8
-0.002578968880698085 7.287807966349646e-05 0.0 0.0011956310865363932 0.8
-0.0024666397366672754 0.0008744667284190655 0.0 0.0011946173196612081 0.8
-0.0012534256093204021 0.0006658971542492509 0.0 0.0010272070641343227 0.8
-0.0002624282205943018 -0.00015252575394697487 0.0 0.0004882350725970548 0.8
0.0019306069007143378 -0.007221337407827377 0.0 0.0008356719244610876 0.8
0.000759029237087816 -0.007567044347524643 0.0 0.000893980737750323 0.8
0.0018792760092765093 -0.008246577344834805 0.0 0.0011598437070340596 0.8
0.0009883127640932798 -0.0051902951672673225 0.0 0.0003571443751428346 0.8
0.0011628327192738652 -0.005865775048732758 0.0 0.000420200101414663 0.8
0.0004279254062566906 -0.00640956312417984 0.0 0.0006627968534543483 0.8
0.0003132640558760613 -0.005476157646626234 0.0 0.0005322708386243731 0.8
0.003038153052330017 -0.008603460155427456 0.0 0.0015337683024365487 0.8
0.0025523025542497635 0.007735225837677717 0.0 0.0006070240098272322 0.8
0.0032736940775066614 0.008370691910386086 0.0 0.0007955488072186161 0.8
0.002200036309659481 0.006910393945872784 0.0 0.0006616519634356367 0.8
0.00033096742117777467 0.0040881517343223095 0.0 0.0011403941230497233 0.8
-0.02176034264266491 0.02519712969660759 0.0 0.006519514855715359 0.8
-0.01826440542936325 0.03046664409339428 0.0 0.006736707773271659 0.8
-0.024701213464140892 0.031502824276685715 0.0 0.008488015698454709 0.8
0.9928075671195984 -0.00029055398772470653 0.0 0.0004559117189724892 0.8
-0.0003201785439159721 -0.011751620098948479 0.0 0.002155463396755492 0.8
0.0015580072067677975 -0.012166740372776985 0.0 0.002205485673222572 0.8
0.001017959089949727 -0.01047645416110754 0.0 0.0016579362103130994 0.8
1.0073119401931763 -0.007689236663281918 0.0 0.004124448878474044 0.8
1.004541277885437 -0.006728085223585367 0.0 0.003320362721732596 0.8
-0.0008006772841326892 -0.0035339954774826765 0.0 0.0009588721894909039 0.8
-0.00020599183335434645 -0.0040707956068217754 0.0 0.0007800887917705907 0.8
-2.481903720763512e-05 -0.0034239848610013723 0.0 0.0008541752222122556 0.8
0.0036249125842005014 -0.012403580360114574 0.0 0.002432910619074392 0.8
1.3478500843048096 0.06297646462917328 0.0 0.08311343581129997 0.8
1.4400380849838257 0.05736684426665306 0.0 0.10127583199232172 0.8
1.40596604347229 0.12268581241369247 0.0 0.10851246446210659 0.8
1.5260177850723267 0.04303355515003204 0.0 0.13066513251954406 0.8
0.9987972974777222 -0.0026235803961753845 0.0 0.0008913605964794655 0.8
0.998990535736084 -0.00451978575438261 0.0 0.0017636720516214183 0.8
1.0002495050430298 -0.003267610212787986 0.0 0.0011674690163297823 0.8
0.8185368180274963 0.396203875541687 0.0 0.039984298701727865 0.8
0.6515472531318665 0.30867648124694824 0.0 0.009920884601404181 0.8
0.6978124976158142 0.3510039448738098 0.0 0.012776068938072776 0.8
0.6162599921226501 0.37297555804252625 0.0 0.013806250059959288 0.8
0.11507059633731842 0.4105927348136902 0.0 0.09441417059851606 0.8
1.4772450923919678 -0.025880975648760796 0.0 0.12104096320869678 0.8
0.769734799861908 0.3268069326877594 0.0 0.021955174817138434 0.8
0.7495352625846863 0.3870543837547302 0.0 0.018173455610892668 0.8
-0.128567636013031 0.3324047327041626 0.0 0.07584670100561693 0.8
-0.11939559131860733 0.27933451533317566 0.0 0.06391671028260927 0.8
-0.07664390653371811 0.30683377385139465 0.0 0.05405631971725815 0.8
1.238455891609192 0.052552614361047745 0.0 0.05782056831141399 0.8
1.281733751296997 0.07007282972335815 0.0 0.0688480141567506 0.8
1.4878772497177124 0.1431039720773697 0.0 0.13643825209815336 0.8
1.2434461116790771 0.012250721454620361 0.0 0.05946887077968594 0.8
1.2822389602661133 0.026420194655656815 0.0 0.05990122447204836 0.8
0.6760266423225403 0.07835986465215683 0.0 0.001120963754054967 0.8
0.6863948106765747 0.0695355013012886 0.0 0.0014266890690399102 0.8
0.690964937210083 0.0794784352183342 0.0 0.0021120685839652975 0.8
0.7362828254699707 0.18113723397254944 0.0 0.008233537684342476 0.8
0.7325073480606079 0.15285208821296692 0.0 0.00957799528819177 0.8
0.5333178639411926 0.37532007694244385 0.0 0.019030958353052334 0.8
0.5697307586669922 0.44532668590545654 0.0 0.030686853968229885 0.8
0.8403756618499756 0.3333528935909271 0.0 0.04581011229521076 0.8
0.6408389806747437 0.4493042826652527 0.0 0.03555043162038764 0.8
-0.021237825974822044 0.19755886495113373 0.0 0.03023126310483697 0.8
-0.029344962909817696 0.23904693126678467 0.0 0.03738999303433495 0.8
-0.054516684263944626 0.21837399899959564 0.0 0.03538814779430977 0.8
-0.07272228598594666 0.42059704661369324 0.0 0.08682730823236899 0.8
-0.13371682167053223 0.39348769187927246 0.0 0.09391279704452019 0.8
-0.07685845345258713 0.35998794436454773 0.0 0.06758229305523349 0.8
0.5554083585739136 0.3301399052143097 0.0 0.0143162763448616 0.8
0.5046992301940918 0.31999772787094116 0.0 0.02831325211030861 0.8
0.5405584573745728 0.275153249502182 0.0 0.023450032058908554 0.8
0.6966559886932373 0.4186815321445465 0.0 0.023338497328901104 0.8
1.1405538320541382 0.02957463078200817 0.0 0.037467149797146736 0.8
-0.1730261594057083 0.2951025664806366 0.0 0.08621889686550595 0.8
1.3951473236083984 -0.0112288324162364 0.0 0.09204015722168375 0.8
-0.005171206779778004 0.43548139929771423 0.0 0.08760237148925609 0.8
0.76693195104599 0.4499691426753998 0.0 0.04957518995625556 0.8
0.761499285697937 0.2005537748336792 0.0 0.019348273151516725 0.8
0.7259281873703003 0.20917241275310516 0.0 0.006702561537851251 0.8
0.7081150412559509 0.2962351441383362 0.0 0.01024052074132457 0.8
-0.03485860675573349 0.14073587954044342 0.0 0.028632943060918088 0.8
-0.03008776716887951 0.16451521217823029 0.0 0.029871483692715927 0.8
-0.03229396045207977 0.2807721197605133 0.0 0.04364325428694242 0.8
-0.07373859733343124 0.2553892135620117 0.0 0.04631231799141195 0.8
0.05705997720360756 0.2697911262512207 0.0 0.0559074186340636 0.8
0.07169003784656525 0.3176508843898773 0.0 0.06470767158032296 0.8
0.01737172156572342 0.29189780354499817 0.0 0.05377840475649477 0.8
0.9937992691993713 0.0011207804782316089 0.0 0.0001 0.8
0.9938520789146423 0.0008885831339284778 0.0 0.0001 0.8
0.994029700756073 0.0010886244708672166 0.0 0.0001 0.8
0.701999843120575 0.17281582951545715 0.0 0.0038114070270543095 0.8
0.7108731865882874 0.1380748748779297 0.0 0.003916316930362627 0.8
0.616454541683197 0.12721852958202362 0.0 0.009186936852471348 0.8
0.6159541606903076 0.14693017303943634 0.0 0.008316695769494134 0.8
0.7451938986778259 0.27769410610198975 0.0 0.013539398833398683 0.8
0.1035706028342247 0.2185574322938919 0.0 0.05228187714434129 0.8
0.09349776804447174 0.26291123032569885 0.0 0.06130163647910967 0.8
1.3248649835586548 -0.01276981271803379 0.0 0.0767147504225253 0.8
1.201101541519165 0.05145532637834549 0.0 0.04934855396251182 0.8
0.7342157959938049 0.12163152545690536 0.0 0.01308276137994625 0.8
0.5955766439437866 0.2989267110824585 0.0 0.01052938756265174 0.8
0.8179121613502502 0.2827293574810028 0.0 0.04735526681324249 0.8
0.7779712677001953 0.27155113220214844 0.0 0.026762417079070264 0.8
0.7551798224449158 0.2394562065601349 0.0 0.017365483193096085 0.8
0.46681278944015503 0.3555191457271576 0.0 0.03738832218202203 0.8
-0.02896357886493206 0.32705557346343994 0.0 0.056061199537020226 0.8
0.017395513132214546 0.3403257429599762 0.0 0.05875959278317049 0.8
-0.020536499097943306 0.3795487880706787 0.0 0.06595671324510043 0.8
0.6877110600471497 0.21731141209602356 0.0 0.0051031965915180255 0.8
0.670234203338623 0.26116687059402466 0.0 0.007250821221921678 0.8
0.6493125557899475 0.22300973534584045 0.0 0.005223918452178425 0.8
0.6132189035415649 0.22218430042266846 0.0 0.006784123245776057 0.8
0.583412766456604 0.24862955510616302 0.0 0.011432342318313764 0.8
0.5789492726325989 0.20979323983192444 0.0 0.016831710141040932 0.8
0.6892912983894348 0.10452606528997421 0.0 0.001975554688160014 0.8
0.6965054273605347 0.0682365894317627 0.0 0.0037593933066629517 0.8
0.6896867156028748 0.059438563883304596 0.0 0.002084989722395085 0.8
-0.18087361752986908 0.20301879942417145 0.0 0.07614032082993014 0.8
0.07197114825248718 0.19819746911525726 0.0 0.04707723615897061 0.8
1.1614497900009155 -0.05538461357355118 0.0 0.05025988401806742 0.8
1.096428394317627 0.03344245254993439 0.0 0.029021617276691596 0.8
0.05834008753299713 0.12990865111351013 0.0 0.025159084412066338 0.8
0.038492601364851 0.13365069031715393 0.0 0.026976466325497172 0.8
0.07583928853273392 0.1437619924545288 0.0 0.03077077286057086 0.8
0.07764968276023865 0.12127692252397537 0.0 0.023889713690181936 0.8
1.2083215713500977 0.02071431651711464 0.0 0.04549124854804691 0.8
0.7141028046607971 0.2495134323835373 0.0 0.007889035145074143 0.8
1.1835072040557861 -0.004045330919325352 0.0 0.044087628676577305 0.8
-0.010423713363707066 0.002546620089560747 0.0 0.0029032968516446776 0.8
-0.00828726775944233 0.002424064092338085 0.0 0.0024485389426069527 0.8
1.0580296516418457 0.01146006491035223 0.0 0.01411701984450037 0.8
1.0471333265304565 0.014494456350803375 0.0 0.014512852722259084 0.8
-0.05921550095081329 0.18329280614852905 0.0 0.03462820286337933 0.8
1.1034135818481445 0.011946220882236958 0.0 0.02733131483103786 0.8
-0.1277206838130951 0.20048916339874268 0.0 0.058019216256718895 0.8
-0.09330186992883682 0.17820419371128082 0.0 0.04342977339383218 0.8
-0.08828789740800858 0.2127603143453598 0.0 0.042660704550390054 0.8
0.00666394829750061 0.22455981373786926 0.0 0.039553710449576396 0.8
-0.0009466552874073386 0.25762754678726196 0.0 0.04323927866453912 0.8
0.032403819262981415 0.24785356223583221 0.0 0.05000255931471287 0.8
0.6021166443824768 0.1894391030073166 0.0 0.010792841384076525 0.8
0.07432115077972412 0.10136272013187408 0.0 0.01855769069986444 0.8
0.016363294795155525 0.18760786950588226 0.0 0.03435077084586904 0.8
0.04782750830054283 0.17778970301151276 0.0 0.037289170147196016 0.8
0.04029655456542969 0.21176296472549438 0.0 0.04355159090897774 0.8
0.6908471584320068 0.1239805594086647 0.0 0.0024616410641334577 0.8
0.691569983959198 0.14550481736660004 0.0 0.0028685752211922736 0.8
0.6255901455879211 0.26071029901504517 0.0 0.007306243200603139 0.8
0.006956929340958595 0.023390766233205795 0.0 0.004027378001239923 0.8
0.006573210470378399 0.02036883495748043 0.0 0.0036384273276368994 0.8
0.6265581846237183 0.11322386562824249 0.0 0.00669050044232436 0.8
0.03189424052834511 0.08878271281719208 0.0 0.016426441644769744 0.8
0.02292105369269848 0.09967251867055893 0.0 0.018338231312745663 0.8
1.1598385572433472 -0.02358781360089779 0.0 0.04155984688591524 0.8
-0.013248168863356113 0.1435934156179428 0.0 0.02648661769300905 0.8
-0.0025422093458473682 0.16479328274726868 0.0 0.027971339172733013 0.8
0.617173433303833 0.16969913244247437 0.0 0.006129845417898348 0.8
0.6324269771575928 0.192115917801857 0.0 0.004362885603842675 0.8
-0.0005179682630114257 -0.0022963567171245813 0.0 0.0008486059935222725 0.8
0.5905186533927917 0.16043299436569214 0.0 0.019080866763051995 0.8
1.0918294191360474 -0.02523927576839924 0.0 0.02571946000433043 0.8
1.1098015308380127 -0.008805547840893269 0.0 0.031048472159408005 0.8
1.1520414352416992 0.004638526123017073 0.0 0.03624268616037244 0.8
0.016770971938967705 0.0675693228840828 0.0 0.011497070159540214 0.8
0.02806221880018711 0.06597258895635605 0.0 0.011142207107654007 0.8
-0.05576617270708084 0.1372712254524231 0.0 0.033334402814393496 0.8
0.026261813938617706 0.1555795669555664 0.0 0.02908749370203782 0.8
0.9950576424598694 0.00025971909053623676 0.0 0.0001 0.8
0.9948808550834656 -0.00021607485541608185 0.0 0.0001 0.8
0.9954211115837097 -0.00014952391211409122 0.0 0.00010623418316046896 0.8
0.05292758345603943 0.15207181870937347 0.0 0.030683248668942863 0.8
0.07384214550256729 0.16852809488773346 0.0 0.038382347851632956 0.8
1.1734331846237183 0.034080952405929565 0.0 0.04201598412811206 0.8
0.059580497443675995 0.09394707530736923 0.0 0.016674800059707964 0.8
0.020383330062031746 0.13094519078731537 0.0 0.024652560084503557 0.8
0.00620005140081048 0.14391054213047028 0.0 0.02677043006273571 0.8
-0.013352149166166782 0.08260023593902588 0.0 0.016303026646597902 0.8
-0.00592795992270112 0.09301532804965973 0.0 0.01716086013323027 0.8
-0.020896824076771736 0.09343201667070389 0.0 0.018607543402220907 0.8
-0.04243912547826767 0.12109782546758652 0.0 0.026563207593136164 0.8
-0.04896281659603119 0.10213775187730789 0.0 0.023189893531806352 0.8
-0.030423033982515335 0.10655509680509567 0.0 0.021487323590255056 0.8
0.7029244303703308 0.09252213686704636 0.0 0.004196559955874101 0.8
0.7054075002670288 0.07737953215837479 0.0 0.0069624015471572405 0.8
0.6759560108184814 0.13442330062389374 0.0 0.0023159924649334054 0.8
0.05709278956055641 0.07283691316843033 0.0 0.014497858188248761 0.8
0.03972505033016205 0.054585278034210205 0.0 0.009424261277609917 0.8
0.03385278582572937 0.05851786583662033 0.0 0.009691609172881832 0.8
0.5466718673706055 0.2265930324792862 0.0 0.02834742816276377 0.8
1.0316656827926636 -0.005271995905786753 0.0 0.009692342205851702 0.8
1.0351895093917847 -0.013690320774912834 0.0 0.01133307334377861 0.8
1.0827240943908691 -0.04418297857046127 0.0 0.026575791091376377 0.8
1.0834659337997437 0.015879547223448753 0.0 0.019954340030379356 0.8
1.0694485902786255 -0.03112008608877659 0.0 0.021886810927056684 0.8
-0.0704520121216774 0.07482437789440155 0.0 0.025541123527479767 0.8
-0.05201486125588417 0.06723007559776306 0.0 0.02132898562662586 0.8
-0.05246777832508087 0.08426064252853394 0.0 0.022093503526318604 0.8
-0.008818278089165688 -0.05414199084043503 0.0 0.014158580421090076 0.8
-0.022239135578274727 0.12406117469072342 0.0 0.024363434054290006 0.8
0.6446468234062195 0.11475926637649536 0.0 0.002177082561732999 0.8
0.6340444087982178 0.132832333445549 0.0 0.003265869839050895 0.8
0.6422328948974609 0.16011838614940643 0.0 0.003079178537732882 0.8
-0.06271317601203918 0.11709443479776382 0.0 0.028833994317139885 0.8
0.723694920539856 0.0986967459321022 0.0 0.012968804114889973 0.8
-0.02816290780901909 0.0032746135257184505 0.0 0.007467599344077851 0.8
-0.03657997027039528 0.08979921042919159 0.0 0.020153052858961816 0.8
-0.02912096492946148 0.056347448378801346 0.0 0.015074384550053515 0.8
-0.012611369602382183 0.10774354636669159 0.0 0.020263595068126847 0.8
0.0051726833917200565 0.10478661209344864 0.0 0.01842424465843418 0.8
0.00014549112529493868 0.12464126199483871 0.0 0.02234208207807617 0.8
-0.005619963631033897 0.07168732583522797 0.0 0.013148090861842359 0.8
-0.016674445942044258 0.07082223892211914 0.0 0.014628512247602131 0.8
1.0235459804534912 -0.004411518108099699 0.0 0.007011599059925107 0.8
1.0288417339324951 0.001583546632900834 0.0 0.008240392444453588 0.8
1.0231635570526123 0.0021191611886024475 0.0 0.006684525717264879 0.8
1.0182825326919556 -0.00876691471785307 0.0 0.006003976315820077 0.8
1.013715386390686 -0.00735144317150116 0.0 0.00517505108483262 0.8
0.6555140018463135 0.13533911108970642 0.0 0.0021121574855301204 0.8
-0.021167060360312462 0.04342952370643616 0.0 0.010359878963911889 0.8
-0.019571902230381966 0.060055963695049286 0.0 0.01324869821542325 0.8
0.685615062713623 0.09021260589361191 0.0 0.001545702162134667 0.8
0.6602267026901245 0.07315072417259216 0.0 0.0009817277421476848 0.8
-0.09059885144233704 0.09281402081251144 0.0 0.032987398102648544 0.8
1.0745187997817993 -0.014308041892945766 0.0 0.019552774328795975 0.8
0.030324960127472878 0.07812213152647018 0.0 0.01445982734748652 0.8
0.0400116965174675 0.0825914666056633 0.0 0.015491664307856848 0.8
0.009511711075901985 0.09007692337036133 0.0 0.016851909185431342 0.8
0.05017399787902832 0.06468358635902405 0.0 0.011667003457676234 0.8
0.0016912922728806734 -0.0547807551920414 0.0 0.01365842448191969 0.8
1.0529136657714844 -0.005299544893205166 0.0 0.013246184136971742 0.8
1.0535337924957275 -0.015553688630461693 0.0 0.01524597262410477 0.8
0.709002673625946 0.11269639432430267 0.0 0.004578347840542474 0.8
-0.0031494239810854197 -0.08459783345460892 0.0 0.023200391661657712 0.8
0.7005724906921387 0.0576939582824707 0.0 0.007114109669407052 0.8
-0.03225608170032501 0.03309214860200882 0.0 0.011445447583143488 0.8
-0.02704835683107376 0.03884371742606163 0.0 0.011125531649631372 0.8
-0.01464887522161007 0.024436399340629578 0.0 0.00529518838778882 0.8
-0.012036615051329136 0.019924215972423553 0.0 0.004379869699779735 0.8
-0.009243026375770569 0.022598911076784134 0.0 0.004453216794601385 0.8
1.0547010898590088 -0.0266684889793396 0.0 0.017398734532124465 0.8
-0.025852713733911514 0.07977806031703949 0.0 0.01753080979361605 0.8
-0.00907804910093546 -0.019547339528799057 0.0 0.005769108457036618 0.8
1.0705294609069824 0.0031791278161108494 0.0 0.01614956211175526 0.8
1.0429388284683228 -0.022204004228115082 0.0 0.014123804606453632 0.8
1.0313873291015625 -0.02330910786986351 0.0 0.013345786792063927 0.8
0.05939851328730583 0.11073843389749527 0.0 0.01941113636084556 0.8
0.635994017124176 0.09714404493570328 0.0 0.004015270414878136 0.8
0.6509681940078735 0.09894011169672012 0.0 0.0015131536443324784 0.8
1.0168389081954956 -0.0038972231559455395 0.0 0.0048009270311302876 0.8
1.0186084508895874 0.0006286819116212428 0.0 0.005034699521287112 0.8
1.0266484022140503 -0.016762105748057365 0.0 0.010429066770583653 0.8
1.0223783254623413 -0.01194120105355978 0.0 0.007827714124599873 0.8
0.05125749111175537 0.08383616805076599 0.0 0.01502979850992786 0.8
0.0004094094329047948 0.08068528026342392 0.0 0.01588961051677283 0.8
-0.0007090980070643127 0.057703543454408646 0.0 0.009233283322396158 0.8
0.0016512783477082849 0.05076584964990616 0.0 0.008790356293722941 0.8
0.008312218822538853 0.058296915143728256 0.0 0.009370912849566105 0.8
0.6791653633117676 0.0625780001282692 0.0 0.0010040253299020603 0.8
-0.01375004556030035 0.04027269780635834 0.0 0.008010951684958629 0.8
-0.019832586869597435 0.036573346704244614 0.0 0.008593834356098886 0.8
0.046171218156814575 0.07304498553276062 0.0 0.012642086118236237 0.8
1.067598581314087 0.019888637587428093 0.0 0.018370763912732496 0.8
-0.036627382040023804 0.014390937983989716 0.0 0.010225713938639728 0.8
-0.03474200516939163 0.02074304036796093 0.0 0.009995707230935772 0.8
0.03722408786416054 0.07254340499639511 0.0 0.0117084065991459 0.8
-0.01968013495206833 -0.08138202130794525 0.0 0.023712907247253025 0.8
0.012542682699859142 0.07777093350887299 0.0 0.015249310301181925 0.8
0.028828667476773262 0.04795196279883385 0.0 0.00879753151462976 0.8
0.027213657274842262 0.05534021928906441 0.0 0.009812242519228893 0.8
0.018564525991678238 0.0395747534930706 0.0 0.007534880732252445 0.8
0.024445096030831337 0.03908281400799751 0.0 0.006888155221297637 0.8
0.005268487613648176 0.07014618068933487 0.0 0.012240654494444447 0.8
1.059056043624878 0.001021887524984777 0.0 0.014411430259496998 0.8
1.0449862480163574 -0.010843739844858646 0.0 0.01241775513696073 0.8
0.019412444904446602 0.058036234229803085 0.0 0.009314145407332929 0.8
0.014692562632262707 0.05069957673549652 0.0 0.0090504047425845 0.8
-0.00044030998833477497 0.06417110562324524 0.0 0.010882434247352427 0.8
-0.011955581605434418 0.015531829558312893 0.0 0.0037973311487444245 0.8
-0.01567724160850048 0.018360598012804985 0.0 0.004897770929217203 0.8
-0.01618242636322975 0.013738430105149746 0.0 0.004269275045735957 0.8
-0.014710542745888233 0.0073938830755651 0.0 0.004063199632009133 0.8
-0.016516784206032753 0.010188874788582325 0.0 0.004357183479158254 0.8
1.0040041208267212 -0.0027952694799751043 0.0 0.0019495563594242385 0.8
1.0019991397857666 -0.0026868998538702726 0.0 0.0013974352182126056 0.8
1.0032910108566284 -0.004819144494831562 0.0 0.0022451402255327458 0.8
1.0330392122268677 0.007840082980692387 0.0 0.009946709856538451 0.8
1.0417163372039795 0.00690685398876667 0.0 0.011132044919161114 0.8
1.0249078273773193 0.007850363850593567 0.0 0.008412433705942864 0.8
-0.0034743419382721186 -0.04155111312866211 0.0 0.010624074247905173 0.8
0.0037744578439742327 -0.04000869020819664 0.0 0.009477116845989342 0.8
0.9938527941703796 0.0005897218361496925 0.0 0.0001 0.8
-0.005419409833848476 0.05241161957383156 0.0 0.009604351671488218 0.8
-0.008930775336921215 0.06169894337654114 0.0 0.011048915477155339 0.8
-0.02980744279921055 0.011688647791743279 0.0 0.00795442411847743 0.8
0.9938778877258301 0.0025469609536230564 0.0 0.0003406410704140448 0.8
0.9936527609825134 0.002122801262885332 0.0 0.00010023041353349077 0.8
0.9940767884254456 0.0021432330831885338 0.0 0.0001 0.8
1.0445233583450317 -0.0015438636764883995 0.0 0.011124820004570131 0.8
1.050840139389038 0.004490827675908804 0.0 0.012534842169285186 0.8
0.04053772985935211 0.06370268762111664 0.0 0.010729461213748735 0.8
0.04682643339037895 0.0516667366027832 0.0 0.009823666785813631 0.8
0.03905624523758888 0.04356449842453003 0.0 0.0073583928873533835 0.8
0.013463408686220646 0.03872394934296608 0.0 0.0071420471476872594 0.8
0.011201757937669754 0.035250768065452576 0.0 0.006238619407241175 0.8
1.0366170406341553 0.000738853239454329 0.0 0.009925310268215241 0.8
1.0147991180419922 0.005343128927052021 0.0 0.004759056245228144 0.8
-0.0013557266211137176 0.04034193605184555 0.0 0.006801530543390672 0.8
0.0025847635697573423 0.0435500293970108 0.0 0.007902454130825607 0.8
0.008218005299568176 0.04012719541788101 0.0 0.007088846486705749 0.8
0.01338676642626524 0.04379403591156006 0.0 0.007943314371103344 0.8
0.00807120744138956 0.047910697758197784 0.0 0.007991339984126692 0.8
-0.0014885803684592247 -0.004047923255711794 0.0 0.0011633251283744738 0.8
-0.0009071183740161359 -0.0043054986745119095 0.0 0.0009539815592798093 0.8
-0.01129387691617012 -0.038987744599580765 0.0 0.01084369315671081 0.8
-0.029045511037111282 0.024843966588377953 0.0 0.00866107184321136 0.8
-0.02001349814236164 0.011599970981478691 0.0 0.005165620177647891 0.8
-0.02431359700858593 0.007889064028859138 0.0 0.0064768362816917365 0.8
1.0280821323394775 -0.010527214966714382 0.0 0.009158850758494251 0.8
1.0076451301574707 0.0008591744117438793 0.0 0.0022100945034024986 0.8
1.010880947113037 0.0026101763360202312 0.0 0.00281050517427383 0.8
1.0079718828201294 0.004348703194409609 0.0 0.0031924125635899416 0.8
0.018146930262446404 0.0308579932898283 0.0 0.005514210077748483 0.8
-0.029756620526313782 0.017571747303009033 0.0 0.008379667566251863 0.8
0.003010690677911043 0.012401441112160683 0.0 0.0022663319400292557 0.8
-0.005251860246062279 0.02467854507267475 0.0 0.004463111482045242 0.8
-0.019241012632846832 0.020640302449464798 0.0 0.005682221545170886 0.8
-0.023910732939839363 0.01971418410539627 0.0 0.006716126781362751 0.8
-0.00969190988689661 0.035381417721509933 0.0 0.006264702040732289 0.8
-0.012316197156906128 0.0304859708994627 0.0 0.0059303707425922385 0.8
-0.007466037757694721 0.0314130075275898 0.0 0.005312108112074801 0.8
0.006731048226356506 0.03441688418388367 0.0 0.005516709827786013 0.8
0.006187266204506159 0.02956594154238701 0.0 0.004843711383321821 0.8
0.03566070273518562 0.04844588413834572 0.0 0.00820768803105962 0.8
-0.0010241639101877809 0.005518632475286722 0.0 0.001419725989676347 0.8
-0.002055959776043892 0.004831286612898111 0.0 0.00147343909909391 0.8
-0.001107340445742011 0.0044305152259767056 0.0 0.0013830719913327154 0.8
0.001457300502806902 0.02399936318397522 0.0 0.004246614766732549 0.8
-0.0015385260339826345 0.025503452867269516 0.0 0.004519858279469389 0.8
-0.0017635729163885117 0.021889271214604378 0.0 0.004203458709031709 0.8
-0.0033058058470487595 0.03509395942091942 0.0 0.005735344661944825 0.8
0.03265013173222542 0.04298107698559761 0.0 0.007162243406815382 0.8
-0.019967004656791687 0.016222018748521805 0.0 0.005633933137669349 0.8
-0.008851579390466213 0.027123114094138145 0.0 0.004823728176950545 0.8
-0.012993758544325829 0.010894985869526863 0.0 0.0036060360075864796 0.8
-0.009877294301986694 0.0124192014336586 0.0 0.003261696224677744 0.8
-0.009308193810284138 -0.0024242359213531017 0.0 0.0029310975672568987 0.8
-0.007281213998794556 -0.002366378903388977 0.0 0.002423798812768003 0.8
-0.012788438238203526 -0.006929292343556881 0.0 0.0043864456430072 0.8
-0.009359232150018215 -0.006617784034460783 0.0 0.0035503496003075337 0.8
-0.009980428963899612 -0.009278986603021622 0.0 0.004060265993791826 0.8
0.00021841101988684386 -0.013589950278401375 0.0 0.002794633529400335 0.8
1.0057734251022339 -0.0044632055796682835 0.0 0.0026625015054436885 0.8
-0.006149431690573692 -0.016701269894838333 0.0 0.004482881437512084 0.8
-0.004940525162965059 -0.020855098962783813 0.0 0.005568570251124477 0.8
1.0116565227508545 -0.0036632325500249863 0.0 0.003609843795206269 0.8
1.0104343891143799 -0.0067236460745334625 0.0 0.004199416642032748 0.8
1.0138689279556274 0.00011407621786929667 0.0 0.0035257531467633124 0.8
1.0104025602340698 -0.0006144878570921719 0.0 0.0027832180769241585 0.8
0.0018260246142745018 0.032169897109270096 0.0 0.00484003190003037 0.8
-0.003494777949526906 0.029105763882398605 0.0 0.00484170926993287 0.8
0.0014877038775011897 0.027703292667865753 0.0 0.004517650572974004 0.8
0.004710341803729534 0.025593804195523262 0.0 0.004279638195714344 0.8
1.0000160932540894 0.0015823043650016189 0.0 0.0006833499832073253 0.8
1.0000312328338623 0.003557069692760706 0.0 0.0014873794840775164 0.8
0.9988539814949036 0.002001785906031728 0.0 0.0006153637320150478 0.8
0.9941464066505432 0.0002991640940308571 0.0 0.0001 0.8
0.9937834143638611 0.0003313698398414999 0.0 0.0001 0.8
0.0026097726076841354 0.03759878873825073 0.0 0.006040977556103294 0.8
-0.005547512788325548 -0.013366086408495903 0.0 0.003676319979372282 0.8
-0.003472840180620551 -0.014773868955671787 0.0 0.00367378700542716 0.8
-0.007442397531121969 0.012727624736726284 0.0 0.002948519996198198 0.8
-0.00819208100438118 0.015154522843658924 0.0 0.00318696215132185 0.8
-0.008830257691442966 0.008427387103438377 0.0 0.002532834411540561 0.8
-0.007127075456082821 0.006648330483585596 0.0 0.0018399039407461877 0.8
-0.006451260764151812 0.009106865152716637 0.0 0.0020834132941161747 0.8
-0.005177503451704979 0.013972158543765545 0.0 0.0028537225053559562 0.8
0.013627734035253525 0.030954532325267792 0.0 0.005561531667460434 0.8
1.020163655281067 0.005018997006118298 0.0 0.005917575046739882 0.8
-0.0024716537445783615 0.013380597345530987 0.0 0.0026056001096258913 0.8
-0.0027901355642825365 0.015660736709833145 0.0 0.0028945226836092435 0.8
-0.0022633143234997988 0.011434772983193398 0.0 0.0020929026141514443 0.8
-0.0039542848244309425 0.009966865181922913 0.0 0.0019233978541783503 0.8
-0.0016503114020451903 0.009555012919008732 0.0 0.0016844800336928939 0.8
-0.0027339363005012274 -0.017428429797291756 0.0 0.004462002905711201 0.8
1.008689522743225 -0.005005568265914917 0.0 0.0034346770291313975 0.8
-0.008404357358813286 -0.014142648316919804 0.0 0.004334455193625491 0.8
-0.0026461316738277674 -0.007865413092076778 0.0 0.0017505025619035238 0.8
-0.001679921173490584 -0.006809934042394161 0.0 0.0013581803038847401 0.8
-0.0055552078410983086 -0.033726807683706284 0.0 0.00871100317863073 0.8
-0.015455356799066067 -0.004190680105239153 0.0 0.004809207767156835 0.8
-0.00812529306858778 0.010639045387506485 0.0 0.002821656905161112 0.8
-0.010251781903207302 0.010008955374360085 0.0 0.0030793216468871986 0.8
-0.0026638770941644907 0.001655593398027122 0.0 0.0011923596119409409 0.8
-0.0017218219581991434 0.0013571718009188771 0.0 0.0011285878100257725 0.8
0.0017163741867989302 0.020898446440696716 0.0 0.003921933276298773 0.8
1.005459189414978 0.0030338524375110865 0.0 0.002337989570317057 0.8
1.0048054456710815 0.0006560338661074638 0.0 0.0017668715614551635 0.8
1.0057250261306763 -0.0015315358759835362 0.0 0.0021283881119764704 0.8
-0.014112764969468117 -0.0010020695626735687 0.0 0.004270352253975728 0.8
-0.013402937911450863 0.0020144113805145025 0.0 0.00362541252031907 0.8
-0.010643956251442432 -0.004376237280666828 0.0 0.0036150074290220774 0.8
0.008131003007292747 0.025989780202507973 0.0 0.004499757210086799 0.8
0.004252550657838583 0.022323958575725555 0.0 0.00400413436945298 0.8
-0.016275472939014435 0.004150811117142439 0.0 0.004583736959322311 0.8
-0.0019042898202314973 0.0004458156181499362 0.0 0.0011159378369749204 0.8
-0.011985533870756626 0.0049079363234341145 0.0 0.002988199953440424 0.8
-0.008543727919459343 0.004248224198818207 0.0 0.0021625150329191373 0.8
0.0013062033103778958 -0.00662609888240695 0.0 0.0005866182741313302 0.8
-0.004683404229581356 -0.011146953329443932 0.0 0.0027923178617885167 0.8
-0.007373702246695757 -0.011107636615633965 0.0 0.003571326022448864 0.8
0.9973477125167847 -0.002346120774745941 0.0 0.0007552698430864036 0.8
0.9976451992988586 -0.003543062834069133 0.0 0.0013682038371843322 0.8
-0.00459288852289319 -0.005956149660050869 0.0 0.0019114741888522431 0.8
-0.003731723641976714 -0.00514602055773139 0.0 0.001693377097318539 0.8
-0.0047425865195691586 -0.004478111397475004 0.0 0.0020070194222436373 0.8
-0.007562529295682907 -0.008264265023171902 0.0 0.003139577409651351 0.8
-0.012842552736401558 -0.003795817494392395 0.0 0.004150928759000533 0.8
-0.008005513809621334 -0.004288395866751671 0.0 0.002806317331016996 0.8
-0.003089340403676033 -0.006329909432679415 0.0 0.001635116970274124 0.8
-0.0026935511268675327 -0.005027168430387974 0.0 0.0014871721279218152 0.8
0.0010696910321712494 0.012220737524330616 0.0 0.0023755318596819313 0.8
0.0010951274307444692 0.010467525571584702 0.0 0.0018497360071251616 0.8
0.0023585325106978416 0.010979026556015015 0.0 0.0017892674699913215 0.8
-0.0058398162946105 0.011453193612396717 0.0 0.0025328996016938245 0.8
-0.003953035455197096 0.01214020699262619 0.0 0.002386814413595074 0.8
-0.0030216278973966837 0.00799073651432991 0.0 0.001369194133114771 0.8
-0.0021921300794929266 0.006344030611217022 0.0 0.0013836659370879472 0.8
-0.0013731342041864991 0.007824820466339588 0.0 0.0013307834859214835 0.8
-0.011442356742918491 0.007781919091939926 0.0 0.003177355639989432 0.8
1.0082712173461914 -0.002488521160557866 0.0 0.002747607147164243 0.8
1.0036461353302002 -0.0009661192307248712 0.0 0.0015033339328021221 0.8
0.014523104764521122 0.019803298637270927 0.0 0.0031016333456886183 0.8
-0.0026078782975673676 0.018445950001478195 0.0 0.003634596213070186 0.8
0.9932657480239868 0.0019547550473362207 0.0 0.0001205008742845947 0.8
0.9949087500572205 0.0006553191924467683 0.0 0.0001 0.8
0.9953814744949341 0.0006882248562760651 0.0 0.0001 0.8
0.9949935078620911 0.0010068097617477179 0.0 0.0001 0.8
1.0034234523773193 0.0022401856258511543 0.0 0.0017804970530372866 0.8
1.0016475915908813 0.0051803202368319035 0.0 0.002821654295467178 0.8
1.000219702720642 0.005623949691653252 0.0 0.0024915520831682615 0.8
-0.00024033298541326076 0.014317511580884457 0.0 0.0028055307425996342 0.8
-0.00445323484018445 0.00031050207326188684 0.0 0.0016447923372677918 0.8
-0.0039094313979148865 0.0018374978099018335 0.0 0.001504050786595684 0.8
-0.005395410116761923 0.001686359173618257 0.0 0.0020070313956627654 0.8
-0.006651260890066624 0.0029404654633253813 0.0 0.002037526620093135 0.8
-0.00958378054201603 0.006379207130521536 0.0 0.002368515544380674 0.8
-0.005870739929378033 0.00464765215292573 0.0 0.0018700114141302535 0.8
-0.0038669377099722624 0.0064374469220638275 0.0 0.0015824153594009812 0.8
-0.005267770029604435 0.006149809807538986 0.0 0.0016166469500071589 0.8
-0.004551834426820278 0.00530366413295269 0.0 0.0016424904823487576 0.8
0.002659306162968278 -0.010819976218044758 0.0 0.001875215044729767 0.8
1.0010790824890137 -0.00479290122166276 0.0 0.001959752198643307 0.8
-0.005179941654205322 -0.0009321024990640581 0.0 0.0019045135259287106 0.8
-0.0035272594541311264 -0.002683637896552682 0.0 0.0015692128008488733 0.8
-0.003540251636877656 -0.003938763868063688 0.0 0.0016430867362495583 0.8
-0.0026049036532640457 -0.0031530142296105623 0.0 0.0013558456015512288 0.8
-0.0004249882767908275 0.010969937779009342 0.0 0.0020919348031972654 0.8
4.8555524699622765e-05 0.009585455060005188 0.0 0.0017590760708190171 0.8
-0.0007690330385230482 -0.005944373086094856 0.0 0.00093462708675716 0.8
-0.005884956568479538 -0.007103759795427322 0.0 0.0023885691776629595 0.8
-0.004202407784759998 -0.007627793587744236 0.0 0.001902655475728083 0.8
-0.0035445690155029297 -0.009349382482469082 0.0 0.002106473810956774 0.8
-0.0018800932448357344 -0.0091167027130723 0.0 0.0017121050158015098 0.8
-0.0028552196454256773 0.0026406068354845047 0.0 0.0013156295221734996 0.8
0.9945774078369141 0.0004925063112750649 0.0 0.0001 0.8
-0.004232780076563358 0.004176083952188492 0.0 0.0017338612413369883 0.8
-0.0056764064356684685 -0.002135128015652299 0.0 0.0020205265683897965 0.8
-0.004648737609386444 -0.003147762967273593 0.0 0.0019748959910785937 0.8
-0.0004956416669301689 0.008657795377075672 0.0 0.001489482746186482 0.8
-0.006041689310222864 -0.0036280998028814793 0.0 0.0022196722725971495 0.8
-0.003313757013529539 -0.0015935429837554693 0.0 0.0014448276235341326 0.8
0.9959381222724915 0.003183293156325817 0.0 0.0007260180669911222 0.8
1.0003639459609985 0.00014194345567375422 0.0 0.0006773885388368826 0.8
1.0015039443969727 0.0015421292046085 0.0 0.0011085251697629138 0.8
1.001875400543213 -0.0004776611749548465 0.0 0.0010755473815500394 0.8
1.0030765533447266 0.0005987678887322545 0.0 0.0012511108968005032 0.8
1.0004193782806396 -0.0016499158227816224 0.0 0.0008404784952521166 0.8
-0.0017244027694687247 -0.013180829584598541 0.0 0.00288780565070046 0.8
0.0022352123633027077 0.009629379026591778 0.0 0.0013568912426374044 0.8
0.999011754989624 -0.0006908309296704829 0.0 0.0005293870600424928 0.8
0.9979889988899231 -0.0014530111802741885 0.0 0.00046448103650495193 0.8
-0.004922263789921999 0.007711955811828375 0.0 0.001645311095911222 0.8
-0.002358097583055496 -0.011060071177780628 0.0 0.002297489049705997 0.8
-0.0007501054205931723 0.006708767265081406 0.0 0.001320782776569854 0.8
-0.0018337134970352054 0.003941514063626528 0.0 0.0013635538527440802 0.8
-0.0028195269405841827 0.003799313912168145 0.0 0.001484658641059396 0.8
0.9946179389953613 0.0012363780988380313 0.0 0.0001 0.8
0.9943218231201172 0.0010647096205502748 0.0 0.0001 0.8
0.9945874214172363 0.0008624136680737138 0.0 0.0001 0.8
0.9942632913589478 -0.00021190562983974814 0.0 0.0001 0.8
0.9946238398551941 -0.0006904700421728194 0.0 0.0001878283379754544 0.8
0.9969466924667358 -0.0011665314668789506 0.0 0.0003313089820469446 0.8
-0.00012898894783575088 0.007692580111324787 0.0 0.001309842556422174 0.8
-0.003269428852945566 0.005095683038234711 0.0 0.0015615018801132545 0.8
-0.0018249893328174949 -0.002423438709229231 0.0 0.0011402380232845835 0.8
-0.00168835639487952 -0.00330891995690763 0.0 0.00114190101478133 0.8
-0.0010759197175502777 -0.002764754928648472 0.0 0.0009716188060066826 0.8
-0.0019439510069787502 -0.0057915630750358105 0.0 0.001358447228901738 0.8
-0.001527379616163671 -0.004852112382650375 0.0 0.001170221127410627 0.8
-0.00048437301302328706 -0.007124375086277723 0.0 0.0010969311770910458 0.8
-0.0005025990540161729 -0.008441668935120106 0.0 0.0013033365441912333 0.8
0.002622197614982724 0.00869480799883604 0.0 0.0008678090554189068 0.8
0.00032006335095502436 0.006777127739042044 0.0 0.0012270311141158745 0.8
0.0021453399676829576 -0.009472435340285301 0.0 0.00148364428617591 0.8
-0.003397646127268672 -0.00039065827149897814 0.0 0.00136771438669723 0.8
-0.0025326034519821405 -0.0008701239712536335 0.0 0.0012156260911453357 0.8
0.9932084083557129 0.002507074037566781 0.0 0.00048678056843825884 0.8
0.9976252317428589 0.002915050834417343 0.0 0.000749929373863326 0.8
0.9971209764480591 0.004248648416250944 0.0 0.001487869068781394 0.8
0.9939085245132446 0.0016204583225771785 0.0 0.0001 0.8
0.9941902160644531 0.0017934472998604178 0.0 0.0001 0.8
0.9938887357711792 0.001890507061034441 0.0 0.0001 0.8
-0.006082574371248484 -0.005294573027640581 0.0 0.002321444250736052 0.8
-0.0023136348463594913 -0.004052290692925453 0.0 0.001336922699783321 0.8
-0.0005442822002805769 -0.009979399852454662 0.0 0.001622525812462053 0.8
0.0012226372491568327 0.005598046351224184 0.0 0.0011716689686587488 0.8
0.9969485998153687 -0.00022904736397322267 0.0 0.0002083157926259507 0.8
0.9977865815162659 -0.00043230195296928287 0.0 0.0003393538680602138 0.8
0.9973515868186951 0.0004926900728605688 0.0 0.00020239880250871173 0.8
0.9936303496360779 0.0017813945887610316 0.0 0.0001 0.8
0.994787871837616 0.0025540173519402742 0.0 0.000298365749930151 0.8
0.9943338632583618 0.0024510016664862633 0.0 0.00021545962445648222 0.8
0.0015830483753234148 0.006339052692055702 0.0 0.0009275769096411602 0.8
0.0007773161050863564 -0.009029882028698921 0.0 0.0012359786751338438 0.8
-0.0004042419313918799 -0.004877861123532057 0.0 0.0007387252642996187 0.8
0.0004737884446512908 -0.0045690773986279964 0.0 0.0005382449896929911 0.8
0.0003782990388572216 -0.0038405535742640495 0.0 0.0007279214073124313 0.8
-0.00029236910631880164 0.00024075362307485193 0.0 0.000546664349434693 0.8
-0.0006194240413606167 3.304652273072861e-05 0.0 0.000664241775857702 0.8
-0.004936499055474997 0.0030770746525377035 0.0 0.0017966098990539945 0.8
0.0016625261632725596 0.007274228148162365 0.0 0.0008091890953938819 0.8
0.00335993361659348 0.009361427277326584 0.0 0.001181885864438663 0.8
0.9976677298545837 0.001524503342807293 0.0 0.000312669468556006 0.8
0.9983574748039246 0.0005714258295483887 0.0 0.0003528887005511789 0.8
0.9983572959899902 0.004159001633524895 0.0 0.001584580858352068 0.8
-0.0009755311184562743 0.0019720017444342375 0.0 0.0010529216133447847 0.8
0.995512068271637 0.0011897222138941288 0.0 0.0001 0.8
0.9940670728683472 -0.0006997816963121295 0.0 0.0002755206158091122 0.8
0.9934841394424438 -0.0006526355864480138 0.0 0.00042443516034351453 0.8
0.9944977164268494 0.0020895658526569605 0.0 0.0001 0.8
0.995810866355896 0.0024831269402056932 0.0 0.00030292077135104324 0.8
0.9952877163887024 0.0023418592754751444 0.0 0.0001939402797873676 0.8
0.9955300688743591 0.0018130457028746605 0.0 0.00012370985742654817 0.8
0.9959912300109863 0.0008493959321640432 0.0 0.0001 0.8
0.9964765906333923 0.0003730967582669109 0.0 0.0001248964314008126 0.8
0.9966810941696167 0.0012265091063454747 0.0 0.00016357491105311746 0.8
0.9953184127807617 -0.0007531451410613954 0.0 0.0002113004163232442 0.8
0.9961358308792114 -0.0003847381449304521 0.0 0.00015336717067772083 0.8
-0.0014928557211533189 -0.0017044908599928021 0.0 0.0010342131013088033 0.8
-0.0022621885873377323 -0.0016669388860464096 0.0 0.0011530906261945071 0.8
0.9960076808929443 0.0014001083327457309 0.0 0.00010817554561005762 0.8
0.9953387975692749 0.0028985205572098494 0.0 0.00047885195633063927 0.8
-0.00038915305049158633 -0.0029088647570461035 0.0 0.0008618290038302548 0.8
-0.0017544811125844717 -0.0010771979577839375 0.0 0.0010446407031463433 0.8
0.9948269128799438 -0.001182100735604763 0.0 0.0004851978202930848 0.8
-0.001909949816763401 -0.0003384774609003216 0.0 0.0010685602807548051 0.8
0.9938259720802307 2.744097582763061e-05 0.0 0.0001 0.8
0.9938680529594421 0.0013344985200092196 0.0 0.0001 0.8
0.9950398802757263 0.001455850899219513 0.0 0.0001 0.8
0.9934448003768921 -0.0001409094111295417 0.0 0.00013560528713373176 0.8
-0.0007932568551041186 0.0027079239953309298 0.0 0.0010288219214105963 0.8
0.9949711561203003 0.001960586290806532 0.0 0.00010676186067319693 0.8
0.9938158988952637 -0.00033990840893238783 0.0 0.00011409794631552392 0.8
0.9935281872749329 0.00023778904869686812 0.0 0.0001 0.8
0.9931567311286926 0.0001785999338608235 0.0 0.0001 0.8
0.9941927790641785 0.0007542445091530681 0.0 0.0001 0.8
0.9945794939994812 0.0016497689066454768 0.0 0.0001 0.8
0.99420565366745 0.0013892820570617914 0.0 0.0001 0.8
0.9945715665817261 0.0001241774152731523 0.0 0.0001 0.8
0.9957510232925415 0.00028377093258313835 0.0 0.0001 0.8
0.9965293407440186 0.0026782152708619833 0.0 0.00046685793167097474 0.8
0.996977686882019 0.002044163178652525 0.0 0.0002864855528875159 0.8
1.089226245880127 -0.0033774219918996096 0.0 0.02213075110319835 0.8
-0.06754835695028305 0.09695737808942795 0.0 0.02588441720444816 0.8
1.2671235799789429 -0.02109803445637226 0.0 0.06836779164940199 0.8
0.046500809490680695 0.38255080580711365 0.0 0.07619728526622858 0.8
0.12371417135000229 0.34346505999565125 0.0 0.08061707862144903 0.8
0.6646885871887207 0.18819017708301544 0.0 0.003559573325886503 0.8
0.672278642654419 0.15605340898036957 0.0 0.0029459740465605107 0.8
0.016431141644716263 0.11490373313426971 0.0 0.020770386864115038 0.8
-0.013431793078780174 0.0530584491789341 0.0 0.010892356345172351 0.8
-0.012176227755844593 -0.03215525671839714 0.0 0.009351127209923737 0.8
-0.02440665103495121 0.014049706049263477 0.0 0.006520800232186042 0.8
-0.005549044813960791 -0.009164500050246716 0.0 0.0026007347828183734 0.8
0.9993206262588501 0.0007213257486000657 0.0 0.0005070391588579329 0.8
0.9962491393089294 0.0019290582276880741 0.0 0.00018720855022221554 0.8
